ZH491_brain_cancer_3924_5mC	ZH477_brain_cancer_4806_5mC	ZH473_brain_cancer_3865_5mC	ZH488_brain_cancer_5039_5mC	ZH495_brain_cancer_4163_5mC	ZH493_brain_cancer_4085_5mC	ZH316_brain_cancer_plasma_5mC	ZH181_brain_cancer_plasma_5mC	ZH482_brain_cancer_6358_5mC	Merge058_3478_plasma_5mC	ZH165_brain_cancer_plasma_5mC	Merge090_3534_plasma	ZH184_brain_cancer_plasma_5mC	ZH185_brain_cancer_plasma_5mC	ZH520_brain_cancer_3658_5mC	ZH467_brain_cancer_3567	ZH460_brain_cancer_3467	ZH514_brain_cancer_3618_5mC	Merge028_6362_plasma_5mC	Merge044_4414_plasma_5mC	ZH417_liver_cancer_AS1126	ZH414_liver_cancer_AS1121	ZH395_liver_cancer_AS1078	ZH399_liver_cancer_AS1104	ZH278_liver_cancer_plasma_5mC	Merge061_AS1087_plasma	Merge062_AS1060_plasma	ZH400_liver_cancer_AS1049	ZH407_liver_cancer_AS1122	ZH177_liver_cancer_plasma_5mC	ZH376_liver_cancer_plasma_5mC	ZH325_liver_cancer_plasma_5mC	ZH379_liver_cancer_plasma_5mC	Merge048_AS1036_plasma_5mC	Merge063_AS1073_plasma	ZH423_normal_L0227	Merge084_L0319_plasma	Merge080_L0264_plasma	ZH504_normal_L0255_5mC	ZH422_normal_L0199	Merge081_L0303_plasma	ZH425_normal_L0278	ZH298_normal_plasma_5mC	Merge096_L0268_plasma	ZH297_normal_plasma_5mC	ZH436_normal_L0258	ZH588_5mC	ZH586_5mC	ZH578_5mC	ZH576_5mC	ZH613_normal_L587101469_5mC	ZH614_normal_L587102200_5mC	ZH615_normal_L587102588_5mC	ZH616_normal_L587101968_5mC	ZH617_normal_L587100766_5mC	ZH630_normal_L587101237_5mC
liver_cancer_up_20	NA	-1	NA	NA	NA	NA	NA	NA	NA	NA	-0.570398334691774	-1	NA	NA	NA	NA	NA	NA	NA	NA	NA	NA	NA	-1	NA	NA	NA	NA	-0.783943730038266	-1	NA	NA	NA	NA	-1	NA	NA	NA	-0.994074090321859	-1	NA	-1	NA	NA	NA	-1	NA	NA	NA	NA	-0.818182349205017	NA	NA	NA	-1	-1
brain_cancer_down_1	1	1	1	NA	NA	1	NA	NA	NA	NA	1	1	NA	NA	1	NA	1	NA	NA	1	1	NA	NA	0.847596374201396	1	NA	1	1	1	1	NA	1	NA	NA	NA	1	1	NA	NA	NA	NA	0.974345534883869	NA	NA	NA	NA	1	1	NA	1	1	NA	1	NA	1	1
normal_down_112	NA	-0.85002664242472	-0.11703297698072	-0.621020779439381	-0.470321235912187	-0.853912161929267	-0.198809541336128	-0.730007228681019	0.0756805576384068	NA	-0.950476224933352	-0.0987872430546717	-0.789899736642838	-0.292702340228217	NA	-0.00549449657018368	-0.459319651552609	NA	NA	-0.3849206417799	0.0347026083957065	-0.181503152421543	-0.182692416012287	-0.537244542155947	-0.35490649847085	0.180327645411678	-0.557261712636266	0.363537378822054	-0.411236707866192	NA	-0.59002091884613	-0.17091857450349	-0.00566100595252854	-1	4.23280256135123e-05	-0.511030147270281	NA	NA	0.324637712019941	-0.410987544485501	NA	NA	-0.333332747220993	NA	NA	NA	NA	NA	NA	NA	NA	NA	NA	NA	1	1
brain_cancer_down_2	NA	-0.371451731239046	NA	0.036945813431822	NA	-0.599999606609344	-1	-1	-0.469597372454363	NA	-0.339416341624991	NA	0.00638898244748513	NA	NA	0.666666984558105	-0.509402034985713	NA	1	NA	NA	NA	-0.0111111683977975	NA	-0.565987456052457	NA	-0.128122108278575	NA	-0.608195653359095	0.719485522825507	1	NA	NA	1	NA	0.449183421395719	-0.756139113057044	-1	-0.496494538396939	-0.516271772509071	-0.171185511090775	0.600000023841858	NA	-0.333333343267441	-0.00108229446333724	-0.733333337306976	-0.333333343267441	-0.897588721605448	NA	NA	NA	NA	-0.654038276672363	0.799999415874481	-1	-1
liver_cancer_up_7	-0.372449534464399	0.14396761535179	0.479853008802121	-0.439541484961528	-0.546296416057481	-0.609258881873555	-0.118465543345169	NA	-0.527329155747195	-0.612048456467778	-0.457593688902827	-0.102987289705942	-0.582625538198906	-0.436324673891067	-0.313606644345221	-0.405019462054817	-0.64273725387429	NA	NA	-1	-0.0998910969054257	-0.419309782154987	-0.719029544806871	-0.255275180061226	-0.428571969270706	NA	-0.0487734375126434	0.694351625996967	NA	-0.117725091537944	-0.551351369031378	-0.134934426644148	0.0983770349052515	NA	NA	-0.189803934552603	-0.486422533408189	-0.112448820286357	-0.570131668200096	NA	-0.282759104344182	-0.752520744324712	-1	NA	NA	-1	-0.566184211036433	-0.370894323196708	NA	-0.754305428149653	0.133522229734808	-0.190475695807001	NA	NA	NA	1
liver_cancer_down_42	-1	-0.750801962155562	-0.70078537940979	-0.774387283099664	-1	NA	-1	NA	-1	NA	NA	-1	NA	-1	-1	-1	-1	-0.752601591719163	NA	-1	-0.644977397612623	NA	-0.852073052847708	NA	-1	NA	NA	-0.477542162142895	-1	NA	NA	-1	-1	NA	NA	-0.903552048915141	-1	-1	-0.615981679951024	-0.755796244367957	-0.714286208152771	-1	NA	NA	NA	-1	-0.939636824681209	-0.905486041629637	-0.841068643573168	NA	-0.837095786418234	-0.665223084744953	NA	-0.968959600136087	-1	-1
liver_cancer_up_8	0.352794380089559	NA	NA	NA	1	NA	NA	NA	NA	NA	NA	NA	1	1	NA	0.692946583852855	-0.199999615550041	NA	NA	NA	0.490577034260097	NA	1	NA	0.714285969734192	NA	NA	NA	NA	1	NA	NA	NA	0.641731134482792	0.333333343267441	NA	NA	NA	NA	NA	0.714008004605016	0.396897902045775	NA	0.333333343267441	NA	NA	0.654579766846578	NA	NA	NA	NA	NA	NA	NA	NA	NA
normal_down_31	-0.490543726370624	-0.676841436160935	-0.343789021017052	-0.669726718458074	-0.0666881965967222	-0.390251807220604	-0.843185995088514	-0.258994890412367	NA	NA	0.500000417232513	0.202900958505083	-0.25750297757637	-0.459934416574401	0.428571432828903	0.215757196545601	0.0092396479266793	NA	-0.766996716656307	-0.956024626864607	-0.407997808299371	NA	-0.469858894222661	-0.527927071844164	-0.917743212999181	-0.742387628474203	-0.507567235416379	-0.666666030883789	-1	-0.258609329479317	-0.54083939881648	0.623997753185611	-0.915178571428571	-0.808791137945194	NA	0.0341275885260751	-0.190324740864897	-0.468532427868178	-1	-0.175280245175449	0.198179207303945	-0.0699939880615626	0.333332747220993	-0.68485171229913	NA	-1	0.40231185979568	-0.0283120639622211	0.360822230577469	0.50450451953991	0.160470750297491	-0.273544898187673	0.333333849906921	0.351138833691092	0.602438608320748	-0.4010928973067
liver_cancer_up_5	NA	-1	-1	-1	-1	-1	-1	NA	-1	NA	NA	NA	NA	-1	NA	NA	NA	NA	NA	-1	-1	-0.905363299449285	NA	NA	-0.845641108353933	-1	-1	NA	NA	NA	-1	-0.693310592571894	-0.783905724684397	NA	-1	NA	NA	NA	NA	-1	NA	-1	-1	NA	-0.491666388511658	NA	NA	NA	NA	NA	NA	NA	NA	NA	-1	-1
liver_cancer_down_70	NA	1	NA	1	NA	1	1	NA	NA	NA	NA	1	1	0.693480527826718	NA	NA	NA	1	NA	NA	NA	NA	NA	NA	0.727041044405529	NA	1	NA	1	NA	0.600000023841858	NA	NA	NA	NA	0.807097308337688	0.970957668764251	0.777777135372162	NA	0.750000715255737	1	0.959183641842433	1	NA	NA	NA	NA	1	NA	NA	0.826457026392915	NA	NA	1	1	1
liver_cancer_down_29	NA	NA	1	1	1	0.786163343573516	1	NA	NA	NA	NA	NA	1	1	NA	NA	NA	1	NA	1	1	1	1	1	NA	NA	NA	NA	NA	NA	1	NA	NA	NA	1	NA	1	NA	NA	NA	NA	NA	1	NA	1	NA	NA	NA	NA	NA	1	NA	NA	1	1	NA
normal_down_86	NA	-0.834434980792659	NA	-0.544245740132672	-0.687227377934115	-1	-0.200000375509262	-0.869196374501501	-0.548610996454954	NA	NA	-0.723219211612429	NA	-0.917669111064502	-0.466959571199758	NA	-1	-0.79727911736284	-1	NA	-0.837872428553445	-0.418287308620555	-0.712250379579408	-0.742913093950067	NA	-0.714285969734192	NA	-0.818948092205184	-1	-0.663419989602906	-1	-0.20000034570694	-1	-0.331250007574757	-0.446428574621677	-0.902987227908203	-0.807819759207112	-0.384774303329842	-0.651964331311839	-0.720939696899482	-0.555555403232574	-0.773809407438551	NA	-1	NA	-1	NA	-0.142856851220131	NA	NA	NA	-0.714285314083099	0.333333849906921	-0.401883555310113	0	NA
liver_cancer_up_16	NA	NA	NA	NA	NA	NA	NA	NA	NA	1	NA	NA	1	1	NA	NA	NA	1	NA	NA	NA	NA	1	NA	NA	NA	NA	NA	NA	NA	1	NA	NA	1	NA	NA	NA	NA	NA	NA	NA	NA	NA	1	1	1	NA	NA	NA	NA	NA	NA	NA	NA	NA	NA
liver_cancer_down_60	0.984918924526394	1	1	0.987281706632744	NA	1	-0.50362460556868	-0.322779531670468	1	NA	NA	1	-0.549866861268266	-0.27313846228896	1	NA	NA	NA	NA	-0.659422303636869	NA	NA	NA	NA	0.122861964131395	-0.0898872470225845	-0.132464187555015	NA	NA	NA	-0.315606327702602	NA	-0.0426659615827607	NA	0.113597908296198	NA	1	1	NA	NA	NA	NA	0.395141034101953	1	NA	NA	1	1	1	1	NA	NA	NA	NA	NA	0.0912280876385538
brain_cancer_up_7	0.770370948314667	1	0.404808902257198	1	1	0.757400687401359	1	0.825108234584331	0.739348741581565	1	NA	1	0.980999838364752	0.819619165934049	1	0.309141114354134	0.659476938771039	1	NA	NA	0.844209384794037	0.596551328897476	NA	0.791972246221317	NA	NA	NA	NA	0.983471046794545	NA	NA	0.605847629538754	NA	1	0.80878553256508	0.580548617495112	0.898200438538594	1	0.924880911111832	0.757980292129238	1	0.899086704051573	NA	1	NA	0.757396449704142	NA	NA	NA	0.830181600600481	0.829713749449428	0.821632021872124	-0.33134379805024	0.595142158178183	0.333332687616348	NA
liver_cancer_down_78	-0.394461802979733	NA	-0.709025208340135	NA	NA	-0.599999606609344	-1	-0.65685281233134	NA	-0.603846571193292	-0.814379815012217	-0.843145922772468	-0.333333939313889	-0.818665337006925	-0.227514127393564	NA	NA	NA	NA	-1	-0.615503520524802	NA	NA	-0.400000423192978	-0.714285969734192	NA	NA	NA	NA	NA	-0.0249999966472387	NA	NA	NA	0.333333343267441	NA	NA	-0.857861618950682	-0.111111700534821	-1	-0.772157890297646	-1	NA	NA	NA	0	-0.798905637860298	-0.304802688737882	NA	-0.120634927660569	NA	-1	-1	-0.799999415874481	-1	NA
normal_down_87	NA	-0.777112520125605	-0.720237776637077	NA	-0.957219404332778	-1	-1	-1	NA	-1	-1	-1	-1	-0.979436762283503	-1	NA	-1	-1	-1	NA	NA	NA	NA	NA	-1	-1	-1	NA	-1	-1	NA	-1	-1	-1	NA	-0.895134344183165	NA	NA	-0.796581703882951	-1	-0.808767866949702	-1	NA	NA	-1	-1	NA	NA	NA	NA	NA	-1	-1	-1	NA	-1
liver_cancer_up_13	NA	0.333332687616348	-0.384615682638609	-1	-1	-1	NA	NA	0.27999986410141	NA	NA	0.390909763673941	NA	0.0840500007345252	NA	NA	NA	NA	NA	NA	-0.798220729827881	-0.814003211057302	NA	NA	-0.436904632548491	-1	-0.932076936814843	NA	-1	NA	-0.0528619269078428	NA	-0.764705882352941	NA	NA	NA	0.586302390431657	NA	0.549403460586772	-1	0.714286208152771	0.020289817582006	NA	NA	NA	0	NA	NA	NA	NA	NA	NA	NA	NA	-0.578059276070776	-0.897435897435897
normal_up_2	-1	NA	NA	NA	-1	NA	NA	NA	NA	NA	NA	NA	-1	NA	NA	NA	-1	-1	NA	NA	NA	NA	NA	-1	NA	NA	-1	NA	NA	NA	NA	NA	NA	NA	NA	-0.934236524761587	-1	NA	-1	NA	-1	-1	-1	NA	NA	NA	-1	-1	NA	NA	-1	-1	NA	NA	NA	-1
liver_cancer_down_54	NA	NA	-1	-1	-1	-1	-1	-1	NA	NA	NA	-1	-1	-1	NA	NA	-1	-1	NA	-1	NA	NA	NA	-1	NA	-1	-1	-1	-1	NA	-1	NA	-1	NA	NA	NA	NA	NA	-1	NA	NA	NA	NA	NA	NA	NA	NA	-1	NA	-1	-1	-1	-1	NA	-1	-1
liver_cancer_down_104	-0.99431605255881	-0.708478661470635	-1	-0.995644864647887	-1	-1	NA	NA	-1	NA	NA	NA	NA	NA	-1	NA	NA	-1	NA	NA	NA	NA	NA	NA	NA	NA	NA	NA	NA	NA	NA	NA	NA	NA	-1	NA	-1	NA	NA	NA	-1	NA	NA	-1	NA	NA	-1	NA	-1	-1	NA	NA	NA	NA	NA	0
liver_cancer_down_80	NA	NA	NA	0.701330295380424	NA	1	0.854347621357959	NA	NA	NA	1	NA	NA	NA	NA	NA	1	NA	NA	1	NA	NA	NA	NA	1	NA	1	NA	NA	1	1	NA	NA	NA	NA	NA	NA	NA	NA	NA	1	1	NA	NA	NA	1	NA	1	NA	NA	0.696841681257207	1	1	1	1	NA
normal_up_4	NA	1	NA	NA	1	NA	1	NA	NA	NA	NA	1	NA	NA	NA	NA	NA	1	NA	NA	NA	1	NA	0.735968784145687	NA	NA	NA	NA	1	NA	NA	1	1	NA	NA	0.790563909512646	0.636364281177521	1	0.839346613572991	0.771465371955525	NA	NA	1	NA	NA	NA	NA	1	NA	NA	1	1	1	0.93190967361882	1	1
brain_cancer_up_8	-1	-0.576837158976839	0.677083027362823	-0.0562770579542433	-0.970370343161954	-0.546030829642152	NA	-0.611555995814728	-0.677973461375661	NA	NA	-0.994444434841474	NA	NA	-1	-0.949654183040063	NA	-1	NA	NA	-0.385924618854955	-0.0862084754814322	-0.976733254061805	-0.57242108128044	0.596139332394541	NA	-0.560396653256918	0.666666030883789	-0.33135766739195	NA	NA	-0.673939129439267	NA	NA	0.333333343267441	0.273507313755881	-0.903033071948636	-0.282611193902352	NA	-0.495691784638531	-1	-0.862378079988803	0.21025604055478	NA	NA	-1	NA	NA	NA	-1	-1	-1	-1	NA	-0.426763049937502	0.051896210023743
normal_down_4	-0.0554299171154316	-0.921907214906203	-1	NA	-1	-0.903124904725701	-0.800865567865826	-1	-1	-1	NA	-1	-0.988405808158543	NA	-1	-1	NA	NA	NA	-1	-0.813111126990545	NA	NA	-0.828622009161223	NA	NA	-0.724977970123291	NA	-0.99530515536456	NA	-1	NA	NA	NA	NA	NA	-0.722222758664025	-0.798159890543155	-1	NA	NA	NA	NA	-1	NA	-1	NA	NA	NA	-0.666666686534882	-1	NA	-0.634575122760402	NA	NA	-0.983838389618228
normal_down_34	0.757825351936716	1	1	1	NA	0.636046144892188	1	NA	1	1	1	0.849052700160564	1	1	0.89114312915241	0.9316637747428	NA	1	1	NA	1	NA	1	0.988319111398504	0.922277772819603	NA	NA	NA	1	1	0.600000023841858	1	NA	1	NA	NA	1	NA	NA	1	NA	1	NA	1	1	1	0.811706389749751	1	NA	0.843137264251709	NA	NA	0.830357229071004	1	1	NA
liver_cancer_down_50	-0.836212673544014	-0.368499784671507	-0.771457014032839	-0.306306315434946	-0.154570126305681	-0.43871552246963	-0.265407534811316	-0.644756422158497	-0.271731052994728	-0.129554426040741	-0.279789580525943	-0.668970799925339	-0.721723840834787	-0.495677179124157	-0.714285731315613	-0.396824767192205	-0.672826863156997	-0.100881908245328	-0.770212888717651	-1	-0.103913967732255	-0.117821427349676	-0.616334612446803	-0.200957985352517	0.0398031602123655	0.298258167400695	-0.113198749639771	NA	-0.0238095596432686	-0.589003977470131	NA	NA	-0.14288580913124	NA	0.587354704990225	-0.577213813986959	-0.631240291387907	-0.694683082103729	-0.84132014273049	-0.672157345362651	-0.469098060054982	-1	-1	0.212454218785841	-0.469696655417934	0	-0.51558592206581	-0.352330039563875	-0.106858965642047	-0.955128205796847	-0.343584199357464	-0.0938474521424402	-0.725806603920625	-0.375962352051454	-0.115449498829946	-0.650066234075625
normal_down_97	NA	NA	1	0.666666388511658	1	1	NA	NA	1	1	NA	NA	1	1	1	0.666666984558105	0.60000079870224	0.898076229861804	NA	NA	NA	0.733333051204681	NA	0.78343387515772	1	NA	NA	NA	1	1	NA	NA	NA	NA	NA	0.925442072607222	0.813430577516556	1	1	1	NA	NA	NA	NA	NA	1	NA	NA	NA	1	0.90699741932062	NA	NA	NA	NA	1
liver_cancer_down_77	NA	-1	-1	-0.856779779439197	-1	-1	NA	NA	NA	-0.500000476837158	-1	-1	-0.836556618863886	NA	-1	NA	NA	-0.362668224321357	NA	NA	-0.882353782653809	NA	NA	NA	NA	NA	NA	NA	-1	-1	NA	NA	-1	NA	NA	-0.590471714735031	-0.807217975457509	-1	NA	NA	NA	-0.200000002980232	-0.333332747220993	-1	NA	NA	-1	-0.98757584124315	-0.428570657968521	-0.960495466298431	-0.643942918289791	-0.729559965853421	NA	NA	-1	NA
normal_up_6	0.971004714035406	1	NA	0.814359848964505	1	1	1	0.650354630769567	1	NA	NA	1	1	1	1	1	1	1	1	NA	NA	NA	NA	0.809091717004776	NA	1	1	NA	1	NA	0.856451620017329	0.656873530923983	1	NA	1	0.976218507348037	1	0.846626562797106	0.956004876625247	1	NA	NA	1	NA	1	1	0.777777373790741	0.910976322560475	NA	0.754343790833543	0.645079636090511	NA	1	1	1	NA
liver_cancer_down_87	-0.547091727393057	-1	-0.941791199667509	-0.546118777356671	NA	-0.197817399054766	NA	-1	-0.604904803902583	-0.467638883603181	-0.500000417232513	-0.946280612800661	-0.90028908327556	-0.832061459427898	-0.168361290318756	-1	-0.84444471657799	-0.34840466392537	NA	-1	NA	-0.635184857580397	-0.701889887070045	-0.581862884931839	-0.732767449183898	-0.428571939468384	-0.706987114310954	-0.367383799528422	-0.629492035463228	NA	-0.455824785268129	-0.496308875083923	-1	NA	-1	NA	-0.717623203784436	-0.472222354263067	NA	NA	NA	-0.509877996891737	-1	-0.467561763204984	-0.333332866430283	NA	-0.442739117614046	-0.930364601515435	-0.142856895923615	-0.892139815176145	-0.818182349205017	-0.670823324294317	-1	-0.742996152922593	-1	-1
liver_cancer_down_108	NA	NA	NA	NA	NA	NA	-1	NA	NA	0.402292417505613	0.0596900376123051	-0.330983931312756	-0.111110702157021	NA	-0.626826034636673	NA	0.60000079870224	-0.243822540019776	0.158974361247741	NA	-0.780450993462613	-0.417466703214143	-0.810606718063354	-0.833713462378116	0.172137338055086	0.448380982701006	0.586170246961427	NA	NA	NA	0.0319559099999341	NA	-0.63886179575106	NA	0.331494262506222	NA	-0.516328480329599	-0.314388374501433	-0.672881473194469	NA	0.142856881022453	0.0698795282697103	-0.335483687218799	-0.800332322469185	NA	NA	-0.677704659218971	NA	-0.714286208152771	NA	NA	-0.695684633217752	0.0658915749816007	NA	-0.384374442510307	NA
liver_cancer_down_94	0.526315436865154	NA	0.666666328907013	1	NA	1	1	NA	1	0.500000476837158	1	0.876442979387686	0.80615935800145	NA	1	NA	1	0.978666687011719	1	NA	0.654188767075539	NA	1	0.833469784014846	0.762945808836671	0.714285969734192	1	0.333333969116211	0.81139979025592	0.77516607469128	NA	NA	0.546969708168145	NA	1	0.928981174643223	1	0.799958871470557	0.730118526430691	NA	1	0.822908909187704	NA	1	NA	NA	0.465869757637476	NA	0.649951011164865	NA	1	0.70787617582945	NA	1	NA	0.753370788659942
liver_cancer_down_85	NA	-1	-1	-1	-1	-1	-1	-1	-0.75025742624435	-1	-0.500000417232513	-0.62588417055932	NA	NA	NA	NA	NA	NA	NA	-1	NA	-0.647201641247823	NA	-1	NA	NA	NA	NA	NA	-0.599999308586121	-0.630833355337381	NA	NA	NA	NA	NA	NA	NA	NA	-1	-0.230769366025925	NA	-1	NA	NA	NA	-0.843929292312984	-1	NA	NA	-1	-0.816411810101203	-1	NA	-1	-1
brain_cancer_up_18	NA	-0.780342304927331	-0.784949521588258	-1	-1	NA	NA	-1	NA	-1	-1	-1	-1	-1	NA	-0.962612668348818	-1	-0.719529975411351	NA	-1	-0.984721629792808	NA	NA	-1	-0.766233975237066	NA	NA	NA	-1	-0.945790176976462	-0.681826499553576	-1	NA	-1	NA	-0.866374710664392	NA	NA	NA	-0.775515753109204	-1	-1	NA	-1	-0.442622613589295	-1	NA	NA	NA	NA	-1	NA	-1	NA	NA	-1
liver_cancer_down_18	NA	-1	-1	NA	-1	-1	NA	NA	-1	NA	NA	-1	NA	NA	NA	NA	NA	NA	NA	-1	NA	NA	NA	NA	NA	NA	NA	NA	NA	NA	NA	NA	NA	NA	NA	NA	-1	-1	-1	-0.764804995872758	-1	-1	NA	-1	NA	-1	-1	-1	-1	-1	-0.86087672584332	-1	NA	-1	-1	-1
liver_cancer_down_64	NA	1	0.777777493000031	0.343101306603505	0.428572028875351	0.599999606609344	0.268376500942768	0.333333343267441	1	NA	NA	0.724522917698591	0.787135303020477	0.420978818948452	1	0.734676827222873	0.728938286121075	NA	NA	1	0.0374335321513089	0.243590181454634	0.211810405507232	0.600000023841858	NA	NA	0.428571909666061	1	1	NA	0.325443795094123	NA	NA	NA	NA	0.330137428737456	-0.0454212931486276	NA	0.783333912491798	0.80481788286796	0.428571194410324	NA	NA	NA	NA	1	0.665229071409274	0.714286267757416	0.835897739116962	0.572058830505762	0.912895097182347	NA	NA	0.799999415874481	0.620146144659091	1
liver_cancer_up_4	NA	-1	-0.766922356534905	-1	-1	-1	-1	NA	-1	NA	NA	NA	NA	NA	NA	NA	-0.881481424525932	NA	NA	-1	-0.924529556812186	-0.870804542303085	NA	-1	-0.727638342270726	NA	-1	NA	-1	NA	-0.936726550499122	NA	-1	NA	-1	NA	NA	NA	NA	-1	NA	-1	-1	-1	NA	NA	NA	NA	NA	NA	NA	NA	NA	NA	-1	-0.811059601344023
normal_down_7	NA	-0.745412031472739	-1	-0.695426441655301	-0.900726253198365	-0.599283744217986	NA	-1	NA	-0.775329856549279	-1	-0.675683991383698	-0.907660019094661	-0.908161656836332	-0.586753110511828	-0.573042737730479	-0.492009813755246	-0.714306544127135	-1	-0.753329312397262	-0.663105024119555	-0.277252541507705	-0.391482224908926	-0.865592030650478	-0.996610171714072	NA	-0.571428914864858	-0.800279751167459	-0.460149469390764	-0.777713213431633	-0.589998320477908	-0.880277316449052	-0.741781444983049	-1	-1	-0.785909404849062	-0.181355773761708	-0.710618010381373	-0.583816171955254	-0.827590638298099	-0.667634458360025	-0.200000002980232	NA	-1	NA	NA	0.633652573750343	NA	-0.428570657968521	-1	NA	NA	0.0322981870692709	-0.598493095034751	NA	0.242937859084647
liver_cancer_down_22	0.382176069384914	0.351671227082176	0.532207882884195	0.48213077221673	0.621546812249586	0.520318934599222	-0.0392157599037769	0.652423780180712	0.382570794452045	0.457041280805518	0.0738963055092905	0.602907065498201	0.407648753969462	0.557705735297579	0.55603592340713	0.600648664006399	0.463225899402491	0.239378072729423	NA	1	0.263622732784437	0.445371391780582	0.221615413098003	0.688448182548638	0.0956556549538737	-0.781517854731554	-0.683550845475713	0.745448578326475	0.475947953840309	0.599999308586121	0.660197135675084	-0.219839570329249	0.204139918807829	NA	-0.667622610714763	0.316988725809083	0.304908327791723	0.367183095518322	0.259879483029856	0.778720078168887	0.196305669402167	-0.0535680061774486	0.293756361820002	0.593536857578714	NA	1	0.31153193016847	0.44865337102595	0.593496226201392	0.476233634548109	0.459552824337852	0.552663614563012	0.311547339723465	0.788800663201608	0.323552296938911	0.506433588427466
normal_down_100	NA	NA	-1	NA	-0.857677758409736	-1	NA	-0.810344838890536	NA	-0.817431617167688	NA	NA	NA	NA	-0.856765801707904	NA	NA	NA	NA	NA	NA	-0.806666490009853	-0.780552125105294	-0.688811627369893	NA	NA	NA	NA	NA	-0.599999308586121	-0.600000023841858	NA	NA	NA	NA	NA	NA	-0.555555760860443	-1	NA	-0.778571847008496	-0.795580605024933	NA	NA	NA	NA	NA	NA	NA	NA	NA	NA	NA	NA	NA	NA
liver_cancer_down_90	1	0.920644276741287	0.782898403545643	0.820982305371031	0.858888618558286	0.984036783603105	0.861564433574676	0.102823612162437	NA	1	0.130434782608696	0.774943977756345	0.573012727812149	0.578788500220057	1	0.303319599846719	NA	0.890877429741185	NA	0.97358490723484	0.842727495800881	0.797948840812401	0.78927802808525	0.880183404483715	0.417744010009549	1	NA	0	-0.0197044631530499	NA	-0.241904765036371	0.458668069893055	1	NA	-0.70650406145468	0.563491959656988	0.681896251745713	0.194908857933785	0.819970003894118	0.439977643936872	0.714286208152771	0.202380958944559	1	-0.599999248981476	NA	NA	0.116083401900071	0.993333344459534	0.355655650813858	0.767501624586346	0.787500293904936	0.995098030742477	NA	0.436020417705826	0.767945869645076	-0.00568585060722199
liver_cancer_down_31	NA	-0.755477206273512	-0.492906660466761	NA	-0.951517258233171	NA	-0.178965697076423	NA	-0.587200657106363	-0.642667047977448	0.776613513421681	NA	-0.395345390179736	-0.519613826703169	NA	NA	-1	-0.463938827626407	NA	-0.333333343267441	-0.482051135424305	-0.1963318020377	NA	-1	-0.229762251178424	0.00253412960206761	0.622674981154591	NA	-0.609675804548191	NA	0.0940140572764118	NA	0	NA	0.365913367372448	-0.323996366489501	-0.435522766674266	NA	NA	NA	NA	-0.74650204696773	-0.670852408436842	0.0730897031749206	NA	0	NA	-0.714286267757416	-0.803186842868494	-0.269726949991012	-0.818101622819901	NA	-0.867647149545305	-0.496175386681759	-0.0744482562309358	-1
normal_down_15	NA	-1	-1	-1	NA	-1	NA	-1	NA	NA	NA	NA	NA	NA	NA	NA	-0.940350990546377	-1	NA	-1	-1	-1	-1	-1	NA	NA	NA	-0.906948341398823	-1	-1	NA	-1	-1	-0.499999552965164	NA	NA	-1	NA	-1	-1	-1	-1	-1	-1	-1	-1	NA	NA	NA	NA	-1	NA	NA	-1	NA	NA
liver_cancer_down_98	1	0.694404695393904	1	1	1	1	1	NA	NA	0.403255301638175	0.500000417232513	NA	0.823046657545813	1	NA	NA	1	NA	0.201926879827743	0.333333343267441	NA	NA	NA	1	1	NA	1	NA	NA	1	NA	0.599999666213989	0.557547183531635	NA	NA	NA	NA	0.811659886620261	NA	1	NA	1	1	0.320000046491623	1	NA	0.909876997130258	1	NA	NA	1	NA	1	0.909462356782821	1	1
liver_cancer_down_82	NA	-1	NA	-1	-0.666666388511658	-1	NA	NA	NA	NA	NA	NA	NA	-0.849783866064889	NA	-0.704206160385243	NA	-1	-1	-1	NA	NA	NA	-0.793754681746165	NA	NA	NA	NA	-1	NA	NA	NA	NA	NA	-0.438697321661587	NA	-0.828236326395747	-0.487098899655317	NA	-0.750000715255737	NA	-1	-1	NA	NA	-1	-0.777777373790741	-1	NA	-0.798420464908573	-0.826996910946531	-0.808310743113209	-0.993527513105892	-0.852730976683753	-1	-1
liver_cancer_up_3	NA	-1	NA	-1	-1	-1	-1	NA	-1	NA	NA	NA	NA	NA	NA	NA	-1	-1	NA	-1	-1	NA	-1	-1	-1	NA	-1	-1	-1	NA	-1	-1	-1	NA	NA	NA	NA	NA	NA	-1	NA	-1	-1	NA	NA	NA	NA	NA	NA	NA	NA	NA	NA	NA	NA	NA
normal_down_9	-0.323657730387317	-0.797796543770366	-0.731626740098	-0.297314727637503	-0.591193431946966	-1	-1	-0.752109603418244	-1	-0.731279292803132	-0.708868227071232	-0.86791860461235	-0.759740783439742	-0.587029339237647	-0.616590265267425	-0.327161801485424	-0.549434329551386	-0.194034732790554	-0.382407513178057	0.116071428039244	-0.326804724087318	-0.561152608030372	-0.268563467678097	-0.354727080133226	-0.62157466123181	-0.36702852880736	-0.46520193417867	-0.418088875669572	-0.297364200224702	-0.610248989694648	-0.382791279140347	-0.962817682160272	-0.691928179065387	-1	NA	-0.674415833420224	-0.649454453421964	0.197094732967134	-0.565938250389364	-0.796060949906536	-0.542525023387538	-0.695300218297376	NA	-1	NA	-1	0.13293572087055	NA	NA	NA	-0.435164461533229	-0.649273567977879	-0.475588017626654	-0.0486298889373288	NA	0
liver_cancer_up_18	NA	-1	-1	-1	NA	-1	NA	-1	-1	NA	-1	-1	-1	-1	-1	-1	-1	-1	NA	-1	-1	-1	NA	-1	-1	NA	-1	-1	-1	-1	NA	-1	-1	-1	-1	NA	-1	NA	-1	NA	-1	-1	-1	NA	NA	-1	NA	-1	-1	NA	-0.933107990329548	-1	NA	NA	-1	NA
normal_up_1	NA	1	1	1	NA	1	NA	NA	1	0	NA	1	NA	NA	1	1	0.595895526534127	NA	1	NA	1	1	NA	1	NA	NA	NA	1	1	NA	NA	NA	NA	-0.499999552965164	1	NA	0.976554402317184	1	NA	0.891384027244752	1	1	NA	NA	NA	1	1	1	1	0.785507246376812	1	1	1	0.900725428690046	1	1
normal_down_102	NA	0.7390480697155	0.734567547285998	NA	1	1	1	NA	NA	NA	1	0.845232924899539	1	0.792319799170775	0.802072528430394	NA	NA	0.199999645352364	1	NA	NA	0.609999656677246	NA	0.870698366314173	NA	0.387401191517711	1	NA	1	1	NA	NA	NA	NA	NA	1	1	NA	0.828788298017838	0.729857563972473	NA	1	1	NA	1	1	0.792063010590417	NA	NA	NA	0.833351264042514	0.774205960035324	1	NA	NA	1
liver_cancer_down_88	NA	0.842177143551054	NA	NA	1	0.898734092712402	0.599999606609344	NA	0.642424827272242	1	0.77069827307642	0.792982121308645	NA	0.625983208417892	0.428571432828903	NA	NA	NA	1	NA	NA	0.731034174561501	NA	0.816853428559919	NA	NA	NA	NA	NA	NA	0.408410130008574	0.723501991841101	0.863095243771871	NA	NA	NA	0.806493869849614	0.847008988261223	0.635555410385132	1	NA	1	NA	NA	NA	0.914089347898346	NA	1	1	NA	1	NA	1	0.897384838675553	1	NA
brain_cancer_up_3	NA	-1	NA	NA	-1	-0.721996541050347	NA	NA	-1	-0.741379434349893	-1	-1	-1	-1	-1	NA	NA	-1	-1	-1	-1	NA	NA	NA	-1	NA	NA	-0.40336169740733	-1	NA	-1	NA	-1	-1	NA	NA	-0.816253792155873	NA	NA	-1	-1	-0.737594749439846	NA	NA	NA	-1	NA	NA	NA	NA	-1	NA	NA	NA	NA	-1
brain_cancer_up_13	0.732055741011119	NA	NA	1	NA	NA	NA	NA	1	1	NA	-0.230206122864848	1	1	NA	NA	0.580524294173226	NA	0.209576877786054	0.333333343267441	NA	NA	NA	0.873482427800806	0.60424577550026	NA	NA	NA	1	1	1	-0.342314652519523	NA	NA	NA	-0.253323581503722	NA	0.191111730784178	NA	0.259228574958715	NA	NA	NA	NA	-0.508377635861463	-0.432950195338991	0.111111342906952	NA	-0.714286208152771	-0.518896426946398	NA	0.977304925309851	NA	0.859066968378813	NA	1
liver_cancer_down_102	-0.940979201384265	0	NA	-0.691777209529962	-0.936300576177996	-1	-1	-0.582951991589038	-1	-0.333333343267441	-0.214737311162447	-1	NA	-1	NA	-0.633191860119502	-1	-1	NA	-1	NA	NA	-0.75308500537101	-0.663353473739286	-1	-1	-0.749658727039725	NA	-0.666666030883789	-0.606315114623622	NA	-0.616449911098976	-1	NA	NA	-0.697695668967995	-0.349760115146637	-0.694651856440906	NA	NA	-0.428571194410324	-0.600000023841858	-0.370369841655095	NA	NA	NA	-0.584931019190195	NA	NA	NA	-0.759036146970682	-0.689470747074523	-0.362986912975064	-1	NA	NA
liver_cancer_down_107	-0.396218205491702	-0.53846150636673	-0.516542662467275	-0.666666388511658	-0.839999794960022	-1	-0.235088124086982	-0.512914922265779	-0.980158770368213	NA	-0.249206856602714	-0.590445007596697	-0.09373423208793	-0.408472281836328	-0.719387769699097	-0.291326126172429	-0.142857536673546	-0.609319360025467	NA	-0.333333343267441	-0.10860537569369	-0.494510576838539	-0.255108456881273	-0.716038759265627	0.302938099205494	0.118460536101147	0.412066692397708	-0.542516968789555	-1	NA	0.177994207079921	-0.210526587931733	0.138315915795309	NA	-0.527777768316723	-0.395994526999337	-0.604027333713713	-0.725174069404602	-1	NA	NA	-1	-0.698412446748643	-0.726927538712819	-0.642327913216182	-1	-0.687343393053327	-0.627579476152148	-0.779139791216169	-0.498229105557714	-0.389330619857425	-0.333333909511566	-0.522751600969405	-0.52775892047655	-0.816120193118141	-0.630158779166994
normal_down_67	0.895858050450771	1	1	0.990950218692624	1	1	1	1	1	1	0.979894193076583	1	1	1	1	0.658756959896821	0.6523703438801	1	1	0.333333343267441	0.889089219656187	0.679953665523739	0.778953496106835	0.716692400273502	0.83610931634903	NA	1	0.814058871431784	0.845476372241974	1	0.831404968726734	NA	0.651877954812117	1	1	0.775406138896942	0.896187552786249	0.58278440133385	0.686727901166897	1	0.739021968476626	0.886352707568864	NA	0.82721096338058	NA	1	0.308493997041996	0.986111138015985	NA	1	0.910127506296859	1	NA	NA	NA	1
liver_cancer_down_7	-1	NA	-1	-1	NA	-0.652105910273699	NA	-1	NA	NA	NA	NA	NA	-1	-1	-1	-1	-1	-1	NA	NA	NA	NA	NA	NA	NA	NA	-1	NA	NA	NA	NA	NA	-1	NA	NA	-0.844238041954882	-0.800637391575596	NA	-1	-1	-1	NA	-1	NA	-1	NA	-1	NA	-1	-1	-1	-1	-1	-1	-1
normal_down_46	NA	-0.956031102382719	-0.775970912366002	-0.627602825882614	-0.68197247173105	-0.81590522877901	-0.978355034476235	-1	-0.41740269986066	-0.901075411863364	-1	-0.833101934727992	-1	-0.797338714859365	-1	-0.323520073418816	-0.764349625224159	-0.500248594058527	-0.929581575579457	0.964285714285714	-0.780563099544589	-0.401437033283508	-0.684940687356851	-0.803569173766481	-0.682333782592916	-0.663111527189076	-0.854251133768182	-0.021039008117113	-0.955779718749718	-0.889427173694284	-1	-0.953415425139179	-0.682149723990933	-0.921271004913382	-1	NA	-0.783271147833242	-0.64202700778482	-0.507093610025901	-0.641869552299648	-0.735167356790043	-0.599032245635986	-1	-1	NA	-0.720622572917419	-0.00208466272467769	NA	NA	-0.67230767250061	-0.395457901621378	NA	-0.646173780066494	-0.334474840025971	-0.851139469406544	NA
liver_cancer_down_43	NA	0.906103432598248	NA	0.709150099286846	1	1	0.599999606609344	NA	NA	1	1	0.879194782084267	1	1	1	1	NA	0.600000381469727	NA	1	0.411764830350876	NA	NA	0.751658434519952	1	0.867105377034137	1	NA	1	0.762725985533482	0.600000023841858	1	1	1	NA	0.836026674392177	1	1	0.874231985274782	NA	NA	NA	NA	NA	-0.333332866430283	1	NA	0.81280792954153	0.983368006912438	1	0.916852930505225	0.711805146187544	0.490566348129848	0.600000381469727	1	1
liver_cancer_down_6	0.551903490922344	0.662456495993173	0.519060374112494	0.711773883495758	0.552819912558171	0.647790920378557	1	0.508219280349675	0.668558674961773	0.261370234969837	-0.395217658646071	0.416227061774081	0.507735870222547	0.50448952281653	0.381094880958102	0.412916481494904	0.302629164572972	0.385556256537562	0.250000327825546	0.757518514768401	0.184521435356852	0.487618297783297	0.537554980213962	0.601892319188189	-0.428259313996158	-0.524014879296075	-0.616810668273759	0.363812654209671	0.37635893230118	0.604974446012013	-0.312953069472491	0.0371705844664752	0.0181786130502153	0.486566749304088	-0.215377755907934	0.649545823015384	0.590824815764356	0.329352076902096	0.404299979223244	0.42812622155049	0.198815157970608	0.231507579711351	0.184729304806939	0.685546934604645	-0.333530225193323	0.0720389433927945	0.457952954653484	0.408713042068837	0.609377602143074	0.423724378945667	0.405857990704366	0.416058184134204	0.609344012701689	0.533392837243294	0.482544748751975	0.620932958019313
liver_cancer_down_74	-0.758547631593851	NA	-0.396149417821397	-0.217691317896048	-0.929933398719726	-0.362984809764596	-1	-0.308459693409877	-0.73883204300379	-0.494937050946151	-1	NA	-0.960572469234467	-0.853217338277994	-1	-1	NA	-0.385310517276748	-0.5	-1	-0.662549520485869	-0.485279217241256	NA	-0.741836275198521	NA	-0.142857119441032	0.0881946218284694	-1	-0.666666030883789	-0.939568240865529	-0.604166690260172	NA	-1	-0.499999552965164	-0.600000023841858	-0.805685464624335	-0.64529977332462	-0.592636240927201	-0.487680316429872	NA	NA	-0.440141111060425	-0.562605652712323	-1	-0.333332866430283	1	-0.601278709280008	-1	-0.431398868349427	-1	-1	-0.916156462745963	-1	-0.699508264218227	-1	-0.818357495639635
normal_down_78	NA	0.439156149327755	NA	NA	1	NA	NA	NA	1	1	1	0.182674303650856	0.869678755601247	1	0.735715597867966	0.333332747220993	1	1	1	1	NA	NA	NA	0.802079372107983	NA	NA	0.0952379206816355	NA	0.990606548609557	1	NA	NA	NA	1	NA	0.803160263432397	1	NA	0.72000112682581	1	1	1	NA	1	NA	NA	NA	NA	NA	NA	1	NA	NA	NA	-0.222221791744232	1
normal_down_43	NA	1	1	1	1	1	1	1	NA	1	1	1	1	1	NA	1	1	1	NA	1	1	1	1	1	1	NA	NA	NA	1	1	1	1	NA	1	0.522084019157324	NA	1	1	0.777778387069702	1	1	NA	NA	NA	NA	1	NA	NA	NA	0.686423499533471	1	NA	NA	1	NA	1
normal_up_3	NA	-0.123943819574291	NA	NA	NA	NA	NA	NA	-1	NA	-0.607895033924203	-0.640341700280754	NA	NA	-0.84348666209441	-0.426158253237498	NA	-0.492297197685761	NA	NA	NA	NA	NA	-0.400000423192978	NA	NA	NA	-0.333333969116211	-1	-1	NA	NA	NA	NA	NA	NA	-1	-0.630295743283473	-0.777778387069702	NA	NA	NA	NA	-1	NA	-1	-0.586053004488349	-1	-0.890145529669227	-1	-0.859778119153098	-1	-1	-0.590015428406852	-1	-1
liver_cancer_down_93	-0.250000238418579	1	NA	-0.300379332532917	0.660294841538678	1	1	NA	NA	NA	NA	0.597472349802653	1	NA	NA	NA	NA	NA	NA	0.333333343267441	NA	0.871333150863647	NA	NA	NA	NA	NA	NA	1	NA	1	NA	NA	NA	NA	NA	1	-0.0539866838513351	1	NA	0.428571194410324	-0.311302713853008	1	NA	NA	NA	1	1	1	NA	0.996920572896289	1	NA	0.807964829603831	1	1
normal_down_51	NA	1	1	1	1	NA	1	1	1	1	1	1	0.883246644462705	0.915902269368916	0.697147365164968	1	NA	1	1	1	0.850195445287388	0.74816276550293	NA	1	NA	0.990033231502356	0.713309168815613	0.780398567614046	0.904290246491385	1	NA	1	1	1	1	0.944032869264149	0.926905555255485	0.777777135372162	0.843710048794746	1	0.730538278550845	1	1	1	NA	1	NA	NA	NA	NA	1	NA	1	NA	NA	NA
liver_cancer_up_15	NA	-0.901052761994875	NA	-1	NA	-1	NA	NA	NA	NA	NA	NA	-1	NA	NA	NA	NA	NA	NA	NA	-0.628869497776032	-0.883228876040532	-0.444981297162863	NA	-0.841363840836745	-0.532478970747728	-1	NA	-1	NA	-0.813736273692204	NA	-0.549743600075062	NA	NA	NA	NA	NA	NA	NA	NA	NA	NA	NA	NA	NA	NA	NA	-1	NA	NA	NA	NA	NA	-1	-0.563076938115633
normal_down_38	NA	1	1	1	1	1	0.561333205185685	1	1	1	1	1	1	1	1	1	1	1	0.592045561833815	1	0.921086962762717	NA	1	0.805712402672381	1	NA	NA	NA	1	1	NA	1	1	0.499999552965164	NA	0.869293688549826	0.930449400600549	0.982110166213882	0.986831989505074	1	0.93563848049254	1	NA	1	NA	1	1	NA	NA	0.793940490585263	0.864032938650676	NA	1	0.798715713547497	NA	NA
normal_down_80	NA	-0.873593279293605	-0.666666328907013	-0.341577567059446	-0.863533998529116	-1	-1	NA	NA	-1	-0.500000417232513	-1	-1	-1	-1	-0.881882991050852	-1	-1	-1	NA	-0.896010808254543	-0.884408800534799	-0.913848070871262	-0.739471662789583	-1	-1	NA	NA	-0.893644825754495	-1	-0.199523807242513	-0.994557818587945	-1	-1	NA	-0.529412090778351	-0.776296344670382	NA	-1	NA	-0.935619686800858	-0.927634374277126	-1	NA	-1	NA	NA	NA	NA	-0.406084638916784	-0.829914472130842	-1	NA	NA	-1	-1
liver_cancer_down_61	NA	NA	NA	NA	NA	NA	-1	NA	NA	NA	-0.500000417232513	-1	NA	NA	NA	-1	NA	NA	-1	-1	-0.882353782653809	NA	NA	NA	NA	NA	NA	NA	NA	-1	NA	NA	NA	-1	NA	NA	NA	NA	NA	NA	NA	NA	-1	NA	NA	NA	-0.803256004603941	-1	-1	NA	NA	-0.681389983378205	NA	-0.694596858024597	NA	-1
liver_cancer_up_14	NA	-1	NA	NA	-1	-1	-1	NA	NA	-1	NA	-1	NA	-1	-1	-0.666666984558105	NA	NA	NA	-1	NA	-1	-0.846329016344888	-1	-1	NA	NA	-1	-1	NA	-1	NA	NA	-1	NA	NA	-1	NA	-1	-0.751208445300227	NA	-1	NA	NA	NA	-1	NA	NA	NA	NA	-1	NA	NA	NA	NA	NA
liver_cancer_down_91	NA	NA	NA	1	NA	0.80731630915155	0.834285551309586	1	1	NA	0.549397931041488	1	1	NA	NA	NA	0.60000079870224	NA	NA	1	NA	NA	NA	1	1	1	0.364337347780064	1	1	NA	0.634370848453245	0.58643336141162	NA	NA	NA	NA	NA	1	0.938058412764683	NA	0.766355854599443	1	0.208536775373831	1	NA	1	0.905112996287302	NA	1	1	1	0.891840202232887	0.779193377039235	0.882216761448632	1	1
brain_cancer_up_20	-0.985683019594713	-0.891603521867232	-1	-0.991845389929685	-1	-1	0.599999606609344	0.600000023841858	-1	NA	NA	NA	0.593578994274139	0.576059290518363	-1	NA	NA	-0.994805201617154	NA	NA	NA	NA	NA	NA	1	0.624452559484376	0.483796091129382	NA	NA	NA	0.691812882297917	NA	0.53333333907304	NA	-0.719218024205078	NA	-1	-1	NA	NA	-0.963636434078217	NA	NA	-1	NA	NA	-1	-1	-1	-1	NA	NA	NA	NA	0.333332687616348	0
liver_cancer_up_19	NA	-1	-1	-0.974532073889023	-1	-1	NA	NA	-1	NA	NA	NA	NA	NA	NA	NA	NA	NA	NA	NA	-1	-1	NA	-1	-1	-1	-1	-1	-1	NA	-1	-1	-0.640171113941405	NA	-1	NA	NA	NA	NA	-1	NA	-1	NA	NA	-1	NA	NA	NA	NA	NA	NA	NA	NA	NA	-1	-0.909645765255659
liver_cancer_down_4	NA	-0.819492294651563	NA	-1	-1	-1	NA	NA	NA	NA	NA	-0.608140671431129	NA	NA	-0.537825374741747	-1	NA	NA	NA	NA	NA	NA	NA	-1	NA	NA	NA	NA	NA	NA	NA	NA	NA	NA	NA	NA	-1	-0.678250918465276	NA	NA	NA	-1	NA	NA	NA	-0.921658981230951	-1	-1	NA	-1	-1	-1	-0.602463038311791	NA	-1	-0.417434831726842
normal_down_119	NA	-1	-1	-0.854024229397263	-0.971717148116141	-1	-1	-0.830956645066442	-1	-1	-0.947500036656857	-1	-1	-1	-1	-1	-1	-1	-1	-1	-0.972954717860825	-1	-0.974740889497394	-1	-1	NA	-1	-1	-1	-1	-0.87748792871185	-1	NA	-1	NA	-0.882353484630585	-0.889119083351559	-1	-0.973723793754707	-1	-1	-1	-1	NA	-1	-1	NA	NA	NA	NA	NA	NA	-1	NA	NA	NA
normal_down_83	NA	NA	NA	NA	1	1	NA	NA	NA	1	NA	1	NA	1	-1	NA	NA	NA	NA	NA	NA	NA	1	NA	NA	1	1	NA	NA	1	1	1	NA	NA	NA	NA	NA	1	NA	1	1	NA	NA	NA	NA	NA	NA	NA	NA	0.954106282928716	1	NA	1	NA	NA	NA
normal_down_6	NA	NA	-1	NA	NA	NA	NA	-1	-1	-1	-1	NA	-1	-0.965901007727971	NA	NA	-1	NA	-1	-0.897562012785957	NA	NA	NA	NA	-1	-1	NA	-1	NA	-1	-0.98305104770393	-1	-1	-1	-1	NA	NA	NA	NA	NA	NA	-1	NA	NA	-1	0	NA	NA	NA	NA	NA	NA	-1	NA	NA	NA
liver_cancer_up_21	-0.981554661989212	-0.880432404279709	-1	-0.990638128519058	-1	-1	0.599999606609344	0.714285731315613	-1	NA	NA	NA	0.545454740524292	0.780142438411713	-1	NA	NA	-0.681933679750988	NA	NA	NA	NA	NA	NA	1	0.588556077480316	0.5	NA	NA	NA	0.969107694625854	NA	0.632173178195953	NA	0.221865210831165	NA	-0.90689932672601	-1	NA	NA	-0.701982898074527	NA	NA	-1	NA	NA	-0.955999644994736	-1	-1	-1	NA	NA	NA	NA	0.333332687616348	0
liver_cancer_down_71	NA	-1	-0.701401792723557	NA	NA	NA	NA	NA	-0.875592713606985	NA	NA	-1	NA	NA	-0.937254905700684	NA	-1	-1	NA	NA	-0.361336775027312	NA	NA	-0.814177575236873	NA	NA	NA	NA	NA	NA	NA	NA	NA	NA	NA	NA	-1	-0.777777135372162	NA	NA	NA	-1	NA	-1	NA	-1	-1	-1	-1	-0.447489691131255	NA	NA	-1	-1	NA	-0.0833333358168602
liver_cancer_up_6	-0.968193734845808	-0.730947693188985	NA	-0.610962772839948	NA	NA	0.599999606609344	0.714285731315613	-1	NA	NA	NA	0.545454740524292	0.840865520270247	NA	NA	NA	NA	NA	NA	NA	NA	NA	NA	1	0.579486366949583	0.652390963937107	NA	NA	NA	1	NA	0.5	NA	0.545048967788094	NA	NA	NA	NA	NA	NA	NA	NA	-1	NA	NA	NA	NA	NA	NA	NA	NA	NA	NA	NA	NA
liver_cancer_down_86	NA	NA	NA	NA	NA	-1	-1	-1	NA	NA	-1	NA	NA	-1	-1	NA	-1	-1	NA	NA	NA	NA	NA	NA	-0.77578597224277	NA	-1	NA	-1	NA	-1	NA	-1	NA	NA	NA	NA	NA	NA	-0.750000715255737	NA	NA	NA	NA	NA	NA	NA	NA	NA	-1	-1	-1	NA	-1	NA	-1
liver_cancer_up_1	0.762852337766201	0.194038073406786	0.123887805475129	-0.219464007397773	-0.300595755688846	-0.50612676430207	-0.629166250427564	0.162035894628566	-0.470717314098562	0.901970353477703	0.66262107755756	-0.635951717126937	0.68914435130749	0.167926468916478	-0.616897086302439	-0.130780900435999	0.163468126114921	-0.257970598080884	0.988047814464189	-1	-0.311033895767447	-0.167961566992428	-0.558173153135512	-0.43698446102406	0.909455627381089	0.670988475491187	0.782268044435316	NA	0.231292927371604	0.930845055839803	0.537099671223734	0.834186032545148	NA	0.975659885771469	0.932978751763672	-0.029833357205096	-0.573168483562768	-0.408060577287469	-0.37822964088041	-1	0.0769229669656072	-0.381469846095728	-0.983157875663356	NA	-0.345732593665952	-0.0513739561308242	0.0845230387151241	0.369565408785366	0.514256916879568	-0.434310727780408	-0.27547907566323	-0.731158647686243	-0.581174310359209	NA	-1	-0.0935799665673509
normal_down_47	NA	0.773905709217361	1	1	1	1	NA	1	1	1	1	1	1	1	0.961743440759841	0.726697686914349	1	0.873255668792362	1	1	0.98146772074664	0.964839817079551	1	0.980791737650691	NA	NA	NA	1	0.894047379692727	1	1	1	0.810156617142739	1	1	0.960286431911265	1	1	0.935772224865128	1	1	1	NA	1	NA	1	NA	NA	NA	NA	1	NA	0.333333849906921	0.78090233819468	NA	-0.83974358974359
normal_down_111	-0.776235123475393	-0.843670440958692	NA	-1	-0.858480746095831	-1	-0.444650717369922	-1	NA	-1	-0.964285731315613	-1	-1	-1	-0.791967949351749	NA	-1	-1	NA	NA	-1	NA	NA	-0.690023716394003	-1	NA	NA	NA	-0.854126734392984	NA	-1	-0.42764421097644	NA	NA	0.327272736213424	-0.674461334335561	-0.914979903321517	-0.855281752016809	NA	-0.811603636133905	-0.728355326435783	-0.600000023841858	NA	NA	NA	NA	-0.494377296853375	NA	-1	-0.666666686534882	NA	NA	NA	NA	NA	NA
liver_cancer_up_17	-0.113526785017356	0.432386530354677	0.249005871997998	NA	0.431746467091571	-0.172305298637759	NA	NA	-0.0395737128569583	1	NA	NA	NA	0.904324247667441	-0.499677763535426	NA	0.0917293217376267	0.403174656443298	NA	NA	0.632494154008659	-0.0667066830102094	-0.0433046415016271	-0.0910362414592369	0.750437096509234	0.3236533039146	NA	NA	0.333333969116211	1	NA	NA	-0.380666672984759	NA	NA	NA	0	-0.415696699678162	0.20251418935926	-0.537036895751953	0.258229964729691	-0.121409628583097	NA	-0.626973708013171	NA	1	NA	0.0166648221692364	-0.111868684961535	0.0322024976426267	0.104022880907842	NA	-1	0.260148135803596	-0.767674633939015	NA
normal_down_74	NA	-1	NA	-1	-1	-1	-1	-1	-1	-1	-1	NA	-1	-1	-1	NA	-1	-1	-1	-1	NA	NA	-1	NA	-0.873768571121939	NA	NA	NA	-1	-1	-1	NA	-1	-1	-1	NA	NA	NA	NA	NA	NA	-1	-1	-1	NA	NA	NA	NA	NA	NA	NA	NA	NA	NA	-1	NA
liver_cancer_down_35	NA	1	1	0.675544526617406	1	1	1	NA	NA	NA	1	1	1	NA	NA	NA	NA	0.600000381469727	NA	1	NA	0.866666555404663	NA	NA	NA	NA	0.951674980254261	NA	1	NA	NA	NA	1	NA	NA	NA	NA	0.990675962888278	NA	0.5	NA	NA	1	NA	NA	1	NA	NA	NA	0.689794460518493	1	NA	NA	0.199999645352364	1	NA
liver_cancer_down_109	NA	NA	0.531117426191303	0.786376092466004	1	0.49479231944663	0.348413084199031	0.86414387214531	-0.213145221203146	0.121176131630611	-0.176873576111775	0.400000751018524	-0.270436767837964	0.0320691108142482	0.868627458810806	NA	0.595556084687511	NA	0.0606755699155871	1	NA	0.217567968207437	0.554800503555386	0.619983589327013	-0.745346226180211	-0.544697411120572	-0.707865523887269	-0.374950443997103	NA	-0.781209640204906	-0.819967876531576	0.0254357779803483	-0.525723001524194	NA	0.022594571169396	NA	NA	0.444444273199354	0.554884574352167	NA	0.743601352866016	0.512104677071549	-0.807234305410813	NA	-0.198901166423009	NA	0.977456048886348	0.55180618306001	0.508611591798919	0.0996507924795151	NA	0.362866868264973	0.333333849906921	NA	0.380404468582965	NA
normal_down_69	0.207176127781471	NA	-0.698051679040132	-0.238576937487672	-0.578169316785712	-0.34723351595931	-0.929971887784846	-0.815980998265375	-0.802904283749723	-0.99111022859548	-1	NA	-0.313558200861667	-0.633389045259	-0.567608216863973	-0.950746246594102	-0.399789198997277	-1	-0.497350891872689	-0.0912622907332012	NA	-0.639207308816019	NA	-0.112954526075295	-0.512995060313114	-0.604503431747255	-0.700998130682352	NA	-0.929333198547363	-0.919628374033997	-0.722263999315992	NA	-0.556674270432884	-0.919112147298703	-1	0.0163181379595596	-0.867478787352902	-0.777777135372162	-0.515537492490151	-0.686118353397474	-1	-0.18977482758232	-0.281517499366924	NA	-0.116666503250599	-0.691111111111111	0.000599270369167681	NA	NA	-0.198750430916218	NA	NA	NA	-0.681803508783164	-0.0185476395800627	-0.271317835048188
normal_down_2	0.781697640272036	1	0.572437015643307	0.559979427645081	1	NA	1	0.754455718345546	1	1	1	1	1	0.93031054372651	1	0.644101655779623	NA	1	0.917833172887035	1	0.687285597862736	0.4480017317378	0.880385736944855	0.989860628041024	0.713350737348516	NA	1	1	1	1	0.398813286306946	1	1	1	1	0.733829139355208	0.781913719371366	0.906133409714539	1	0.84735918790102	0.796266818400657	1	NA	1	NA	0.448431391137488	NA	NA	NA	NA	0.829785863558451	NA	0.572375285576601	NA	NA	NA
normal_up_5	NA	NA	0.666666328907013	NA	NA	1	NA	NA	1	NA	NA	NA	NA	NA	1	NA	NA	NA	1	NA	NA	NA	0.833334147930145	1	NA	1	NA	NA	NA	NA	1	NA	NA	NA	NA	NA	0.800000369548798	NA	NA	1	NA	NA	1	NA	NA	0	1	NA	1	1	NA	NA	1	NA	NA	NA
normal_down_110	NA	-0.935871212479037	-0.731481597655349	-1	NA	-1	-1	-1	-1	-1	-1	NA	-1	-1	NA	-1	-0.378947550528928	-1	-1	-1	-0.907404664671901	-1	-1	-0.849542904095572	-0.960317458543513	0.00426421926092746	-1	-0.666666030883789	-1	-1	NA	-1	NA	-1	-1	NA	NA	-1	-0.924325695027521	-0.913768558640189	-1	-0.99160839210857	NA	-0.540853281351302	NA	-1	-0.81818869725737	NA	NA	NA	-0.978242983165969	-1	-1	NA	-1	-1
normal_down_73	-0.298142335538206	NA	-1	-0.989017068734629	-0.956459022212673	-0.943168595352688	NA	0.32485380988372	-1	-1	-0.882014447407757	-0.905906034160305	-1	-0.862472385013659	-0.755405133420771	-0.324788523527483	-0.609037862189354	-0.86415831638234	-1	-0.942459034738202	-0.736137378884822	-0.349006248767986	-0.757542879839201	-0.790005052150203	-1	NA	-0.757590152008433	-0.49853777545586	-0.92212179414928	-1	-1	-0.355208594972889	-0.6206239827748	-0.446474942232146	-0.333333343267441	-0.641383964398186	-0.835219060077148	-0.632617709146538	-0.938261658407105	-0.68614266003449	-0.877756345121166	-1	-1	-1	NA	-1	-0.490923045231746	NA	NA	-0.736882695721255	-0.0909087136387825	-0.711642155085098	-0.385113513585433	NA	NA	-0.551282053956619
normal_down_109	NA	-1	NA	-0.69841249011181	-1	-0.605194420783551	-0.706200013868511	-1	NA	-1	-1	-1	-1	-1	NA	NA	NA	NA	-1	-1	-0.59215646982193	-0.484698980069551	NA	NA	NA	NA	-0.561237932680404	-1	-1	-1	-1	-1	NA	-0.893925922612349	NA	-0.67323396895446	-0.898306862646792	-1	-0.778462144044729	-0.656325667670795	NA	-0.600000023841858	NA	0.549771939034331	NA	NA	NA	NA	NA	NA	NA	-0.756287813186646	NA	NA	NA	NA
liver_cancer_down_12	NA	-1	-1	-1	-1	-1	-1	-1	NA	NA	NA	-1	-1	NA	-1	NA	-1	NA	NA	NA	NA	NA	NA	-1	NA	NA	NA	NA	-1	NA	-1	-1	NA	NA	NA	-1	-1	-1	-1	-1	NA	-1	NA	NA	NA	NA	-1	NA	-1	-1	-1	-1	-1	-1	-1	-1
liver_cancer_down_58	NA	NA	NA	NA	1	NA	1	NA	NA	1	NA	NA	1	NA	1	1	NA	NA	1	1	NA	NA	NA	1	NA	NA	1	NA	NA	NA	NA	NA	NA	1	NA	NA	NA	0.81427047153314	1	1	NA	1	1	NA	NA	NA	1	1	1	NA	1	NA	NA	1	1	NA
normal_down_5	NA	NA	-1	-1	-1	-1	-1	-1	NA	-1	-1	-1	-1	-1	-1	NA	-1	-1	-1	-1	-1	NA	NA	NA	NA	NA	-1	-1	-1	-1	NA	-1	NA	-1	NA	NA	-1	NA	NA	-1	NA	NA	-1	-1	NA	-1	NA	NA	NA	NA	NA	-1	-1	-1	NA	NA
liver_cancer_down_73	1	1	NA	NA	NA	1	NA	0.596484219080934	NA	1	NA	1	1	NA	NA	NA	NA	NA	-1	-0.333333343267441	1	NA	NA	1	NA	1	1	NA	NA	NA	NA	NA	NA	NA	-1	NA	1	NA	NA	NA	1	NA	1	NA	NA	-0.548543689320388	1	1	NA	NA	1	0.704037224655753	NA	1	NA	NA
normal_down_105	NA	0.725701664408592	1	1	1	0.279244627170968	1	1	0.583691457525278	1	NA	1	1	0.991971897009091	1	1	1	1	0.965635759314311	1	1	1	1	1	0.732806735494164	0.953419943650564	NA	1	1	1	1	1	NA	1	1	NA	1	0.920599437730257	1	1	1	1	1	NA	NA	1	NA	NA	NA	1	1	NA	1	1	1	NA
normal_down_12	NA	1	0.819008465061821	1	1	0.802865846048702	0.754608407887545	1	1	0.906098068031398	1	0.890632844513113	1	0.850682856819846	1	0.867582549290224	1	1	1	0.58352762284604	0.93566785400564	0.76736842230033	0.885619367794557	0.881065172769807	0.689719620969269	1	0.862806823849678	0.805204696546901	0.913075092434883	1	1	NA	1	0.978122655370019	-0.333333343267441	NA	1	0.820361455578116	0.976803199269555	0.968432422659614	0.878197925647503	0.754394821687178	1	0.802706019478555	NA	1	0.64455848573987	NA	NA	NA	0.946317183204217	NA	1	0.844994033620657	NA	NA
liver_cancer_down_52	NA	NA	1	1	NA	1	NA	0.642628776905488	NA	1	NA	1	NA	NA	1	1	NA	NA	0.983050847457627	1	NA	1	1	NA	NA	NA	NA	NA	NA	1	NA	NA	NA	1	0.5016357757663	1	NA	0.63181824575771	0.77429256439209	NA	1	1	0.333332747220993	1	NA	1	1	NA	0.847714509010315	1	1	0.780412652995437	1	1	NA	1
liver_cancer_down_75	-0.750000655651093	-0.959989504216459	-0.886042284568151	-0.47414716570739	-0.965292086873935	-0.993333326776822	NA	NA	-0.867051364435044	-0.988855431776449	-1	-1	-0.832174549319527	NA	-0.973599501666481	NA	-1	-0.82220097689447	NA	-1	-0.912641755229718	-0.802631389153631	-0.895238473058836	NA	NA	NA	NA	-0.688760191746498	-0.935597966207522	NA	-0.171851838504275	NA	NA	NA	-1	-0.888515599568685	-0.945682507181821	-0.619763694801613	-0.917027113056674	-1	-0.922797985942231	-1	-1	-1	NA	-0.677966101694915	-0.981773595833028	-0.926305366350008	-0.980500684441	-1	-0.875988627137397	-0.988603972641491	-1	-0.92151711974293	-0.879194682876536	-1
brain_cancer_up_10	0.318017838668431	-0.0632548624894533	1	-0.596465554502275	1	0.64166634529829	0.473129414478127	NA	NA	NA	1	NA	1	0.716456447007521	0.91358829761038	0.91731918180311	-0.812093301152074	NA	-1	-1	NA	0.599999666213989	-0.473005868040997	0.864506037916456	1	NA	-0.538461932769189	NA	1	NA	-0.337285382812526	NA	-0.883211678832117	NA	1	0.818064484331343	1	NA	1	0.291739458813093	-0.0666666666666667	0.712719311055384	-1	NA	-1	1	NA	NA	NA	1	NA	-1	NA	NA	0.333332687616348	1
liver_cancer_down_48	NA	-0.51224901775519	-0.572899234791597	-0.332417475871551	-0.824418281515439	-0.402718280131618	NA	-0.699271744344293	-0.346795530679325	NA	NA	-0.668477902809779	-0.157751000051697	-0.669276434183121	-0.296115870587528	-0.491560748881764	-0.329642844075958	-1	NA	NA	-0.238755539059639	-0.482207138429989	-0.727473687618337	-0.75978110358119	-0.142857104539871	NA	0.523333077921587	-0.333333969116211	-0.820978547135989	NA	NA	NA	0	NA	0.349206353227297	NA	-0.421906156465411	-0.222092024050653	-0.442178268606464	-0.488254327947895	-0.407260150338213	-0.255379112103047	-1	-0.157783140117923	NA	-0.265432100605082	-0.676234393070141	-0.42807600243638	-0.647418388475974	-0.565761640667915	-0.545638233423233	-0.430906400084496	-0.470063052450617	-0.450321134800712	-0.714361504962047	-1
liver_cancer_up_9	NA	1	1	1	1	0.599999606609344	1	1	1	1	0.830952481790022	1	1	1	1	1	0.841270106179374	NA	1	1	0.987102686357097	0.869999837875366	1	0.89208261819663	0.991126893470006	NA	1	NA	1	1	NA	1	1	1	NA	0.869960754595954	NA	1	1	1	NA	1	1	NA	NA	1	0.988034160091327	1	NA	NA	1	NA	1	NA	NA	NA
normal_down_106	-0.0231363745610209	-1	-0.376400933097267	-1	-1	-0.834673719663246	-0.599999606609344	-0.77195579730291	-1	-1	-0.741705695120226	-0.927498378336229	-0.907798818034284	-0.868520521840384	-1	-0.5501109006793	-0.452902057697337	-1	-0.615741789340973	-1	-1	-0.249587180009979	-0.664759043730222	-0.600000023841858	-0.553361732300704	-0.764641140756153	-1	-1	-1	-0.94350608811659	-0.190913072055268	-0.658741985690104	-0.540047944956782	-1	-1	-0.676590482014473	-0.699519780184656	NA	-0.886234105772274	-0.821463958055031	-0.468749219179153	-0.042105263785312	-1	-0.287154459081045	-1	-0.615491009970424	NA	-0.728008663875389	-0.187360741140082	-0.449117836321374	-0.735229399808227	-0.244186046511628	-0.450969374110532	-1	-0.235955056179775	NA
normal_down_49	NA	-1	-0.693343009936248	-1	-1	-1	-1	NA	NA	-1	-0.273585385309075	NA	-1	-1	NA	NA	NA	-1	-1	-1	NA	NA	NA	-1	NA	NA	-1	NA	-1	-1	-1	-1	NA	-0.96417905323541	NA	-0.940312585279123	-1	-1	NA	-1	-1	-1	-1	-1	NA	NA	-0.917464835158849	NA	NA	-1	NA	NA	-1	NA	NA	NA
brain_cancer_up_5	-1	-1	NA	NA	NA	NA	NA	-1	NA	-1	-1	NA	NA	-1	NA	NA	-1	-1	-1	-1	NA	NA	NA	-1	-1	NA	-1	NA	NA	-1	-1	NA	-1	-1	NA	NA	-1	-1	NA	-1	NA	-1	NA	NA	NA	-1	NA	NA	NA	NA	NA	NA	NA	NA	NA	NA
normal_down_114	NA	NA	NA	NA	NA	-1	-1	-1	NA	-1	NA	NA	-1	-1	NA	-1	NA	NA	-1	NA	-1	NA	-1	-1	-1	NA	NA	NA	NA	-1	NA	-1	NA	-1	NA	NA	NA	NA	NA	-1	NA	-1	-1	NA	NA	-1	NA	-1	NA	-1	NA	NA	-1	NA	NA	NA
normal_down_57	NA	-1	-1	-1	-0.979591808148793	NA	-0.76084859303984	-1	-1	-1	-1	-1	-1	-1	-1	-1	-1	-1	-1	-1	-0.71528741993286	-0.854883848422736	-1	-0.9248930622597	-1	-0.807539818305818	-1	-1	-1	-1	-0.77263883965356	NA	-1	-0.969620209705981	-1	NA	-0.975141288870472	NA	-1	-1	-0.971235889255304	-0.876945990081589	NA	-0.763945712726943	NA	-1	NA	NA	NA	NA	-0.95959828513079	NA	-1	NA	NA	NA
liver_cancer_down_56	-0.617355186174966	-0.857466480878062	-0.695898384086845	-0.636937655304526	-0.816033790792738	-0.880288824137406	NA	NA	-0.419344942790262	-0.500000476837158	NA	-0.657818852255008	NA	NA	-0.688068118711718	-0.579497131867194	-0.751395391691306	-0.584653346847989	NA	-1	-0.807521305594664	-0.489259063665356	-0.834521087615386	-0.528400867049759	NA	NA	NA	-0.458492346553375	-0.809098382831597	NA	NA	NA	NA	NA	-0.327272736213424	-0.480626284051913	-0.635748228220188	-0.625269476096241	-0.9757855096427	-0.701367723119114	-0.533372028927704	-0.709809432754375	NA	-0.684098095789443	NA	-0.521030094284211	-0.857463321817203	-0.704214598635963	-0.658259207879667	-0.822684369077894	-0.795821082214235	-0.521916715104295	-0.735078621613845	-0.809215213779522	-0.727128450432731	-0.744719687404983
normal_down_79	0.783227649089452	1	0.666666328907013	1	1	1	1	NA	NA	0.748157228602738	NA	NA	1	1	1	NA	0.804203944781731	1	1	0.37777778506279	0.899367902874947	NA	0.83629270700308	1	0.714285969734192	0.714285969734192	0.549095924510512	1	1	1	1	1	NA	1	NA	NA	NA	1	0.935408407244189	NA	1	1	NA	1	1	1	NA	NA	NA	1	NA	1	0.396358977345859	NA	1	NA
liver_cancer_down_105	-0.719526476281531	-0.666667342185974	-1	-0.757031836492174	-0.157452360434192	-0.233332592993975	NA	-0.764338584945482	-1	-0.840756281552946	0	-0.0622270299560007	NA	-0.464470046846306	-0.360616726417314	NA	-0.0769230041366357	-0.549619758751855	NA	-0.333333343267441	-0.838558212436479	-0.262854288803058	NA	NA	NA	NA	NA	NA	NA	NA	0.19999997317791	NA	0.5	NA	NA	NA	-0.45905986626943	-0.703341048600069	-0.111111700534821	NA	NA	-0.185235188397415	0.365370611934101	NA	-0.333332866430283	NA	-0.867878057062626	-0.560484781213429	-0.576113926685032	-0.854873151463621	-0.618887283300099	NA	-0.650000068194726	-0.851365777280401	-0.739594218923765	-0.919416382136168
brain_cancer_up_17	NA	NA	NA	NA	NA	NA	-1	NA	NA	-0.624615814594122	NA	NA	-0.764706671237946	-0.682394121851877	NA	NA	NA	NA	NA	-1	-0.566872229049732	NA	NA	-0.841071702363923	-0.467021750959944	-0.692308008670807	-0.292633923746291	-1	NA	NA	NA	NA	-1	NA	NA	-0.79243610375119	-0.339670841201492	-0.76730173372704	NA	NA	-1	NA	-1	NA	NA	NA	NA	NA	NA	NA	NA	-1	-0.343492545400347	NA	-1	NA
liver_cancer_down_1	NA	-1	-1	-1	-1	-1	NA	NA	NA	NA	NA	-1	NA	NA	-1	NA	NA	-1	NA	-1	NA	NA	-1	NA	NA	NA	NA	NA	-1	NA	NA	NA	NA	NA	-1	NA	-1	-1	NA	-1	-1	-0.98451729485246	NA	-1	NA	-0.920516641413579	-1	-1	-1	-1	-1	-1	-0.50655767028449	-0.862420362038691	-1	-1
liver_cancer_up_2	0.499999523162842	NA	0.028860068230918	NA	-1	-0.114189238184028	-0.599999606609344	0.153845642608675	NA	0.534615265374834	1	-0.399737244997269	0.703256640470389	0.423155667203845	0.142857134342194	NA	NA	NA	NA	NA	NA	NA	NA	NA	0.675873704931953	0.918203604040724	0.972190578778585	NA	NA	NA	0.690836956103643	0.165945344802105	0.643709702925249	NA	0.821524042071718	NA	NA	NA	NA	NA	NA	-0.238095243062292	NA	NA	1	-0.400000010927518	NA	-0.0242012956163339	NA	0.0527178511023521	-0.386726618460987	NA	0.471428906917572	-0.436050129861667	NA	NA
liver_cancer_down_51	NA	1	0.673941514144341	NA	1	1	NA	NA	1	1	NA	1	NA	NA	0.975340137406001	NA	NA	1	NA	1	NA	NA	NA	0.706754447952394	NA	NA	NA	NA	1	NA	NA	NA	NA	NA	NA	NA	1	NA	1	NA	NA	1	NA	NA	NA	NA	NA	1	1	1	0.797558436649186	NA	0.428858197049091	1	1	1
liver_cancer_down_101	NA	-0.686312222348051	-0.974842741804303	NA	NA	-0.889601465796127	-1	-1	NA	NA	-1	NA	-1	-1	NA	NA	NA	NA	NA	-1	NA	-0.599999666213989	NA	NA	NA	NA	-0.764653968638268	NA	NA	NA	NA	-0.861017371412963	NA	NA	NA	NA	NA	-0.777777135372162	-1	NA	0.428571194410324	-1	-1	NA	-1	NA	-0.236136107751639	-1	NA	-1	-1	-1	-0.333333849906921	-1	-1	-0.0182648371888078
normal_down_89	-1	-0.885289932875072	-0.473704862243989	-0.569934387417401	-0.709437233560226	-1	-0.15000026322463	-1	-0.170798319665825	-1	-1	-0.640733409453841	-0.924038113040083	-0.892867031342843	-1	-0.358533591689432	-0.273236464489909	-0.390507175203632	-1	-0.573529429295484	-0.467608415905167	-0.622854548342088	-0.60431534139549	-0.737509008716134	-0.646019250154495	-1	NA	-0.112052982563482	-0.945112127591582	-0.76011419033303	-0.666666686534882	-0.599999666213989	NA	-0.722405528480356	NA	-0.831633017343633	-0.713346670655643	-0.836744542507564	-0.5706046100925	-0.698548833236975	-0.826196711729555	-0.584405592259239	NA	-1	NA	-0.569958003566546	0.0390519348575788	-0.714286267757416	-0.401476105346399	-0.8871129155159	-0.703897094025331	0.201102263548157	-0.333333849906921	-0.729408858400403	NA	-0.365546216859537
normal_down_64	NA	NA	NA	-0.969646997511659	-1	NA	NA	-0.692394511677078	NA	-1	-1	NA	-1	NA	NA	-0.666666984558105	-1	NA	-1	-1	NA	-0.866666555404663	NA	-1	-1	NA	NA	-0.220458910421089	-1	-1	NA	NA	-1	-1	NA	NA	-1	NA	NA	-1	-0.714286208152771	-0.703786975985405	NA	-1	NA	-1	NA	NA	NA	NA	NA	NA	NA	NA	NA	NA
liver_cancer_down_10	-0.442511943253604	-0.616095800291408	-0.429168663693197	-0.344232731696331	-0.27523419994748	-0.0415672282829429	-0.511294791192719	-0.871021570581378	0.105830369686539	-0.130586076866497	-0.499258161042676	-0.698810640609626	-0.753226532177492	-0.518135628917	-0.629082654461716	-0.122672758093386	-0.549311977444273	-0.260232862085104	-0.577032461310878	-0.61919194188985	-0.212890639675386	-0.156610495777744	-0.51767654969142	-0.644883338249091	-0.446012398058718	0.407836760535385	0.0690035030358669	-0.12938557203972	-0.364961187722105	-0.619288029092731	-0.568686868205215	-0.247960015679851	0.278181824359027	NA	-0.0217532474886287	-0.280415580128178	-0.787330389925928	-0.205137062817812	0.142999413609505	-0.0682206614450975	-0.34516067712596	-0.719516379363609	NA	-0.500000178813934	-0.206132909791036	-0.936026939840028	-0.556733734228394	-0.460723025780736	-0.230082991109653	-0.207992871037938	-0.54084205085581	-0.634757380331716	-0.708172675335046	-0.537491762728402	0.246605959805575	0.00909090922637419
normal_down_84	NA	-1	-1	-1	-0.666666388511658	NA	-1	-1	NA	-1	-1	NA	-0.836522882225133	-0.856578723176733	-0.844480527298791	-1	-1	NA	-0.818269322124811	-1	-0.752699405825051	-0.733333051204681	-0.668090840180715	-0.911025510823473	-1	-0.919830077486076	-0.870748414879754	-0.648356093892029	-0.844402753062301	-1	-1	-1	-0.748550726883653	-1	-1	NA	-0.680308455891079	NA	NA	NA	-0.675466338237682	-1	-1	-1	NA	NA	-1	NA	NA	-1	NA	-0.666282506683205	-0.748718109497657	NA	-1	NA
normal_down_3	NA	-1	-0.7809994271461	-0.964532189652822	-0.587901077274956	-0.815115235017301	NA	-1	-1	-1	NA	-0.802908751964569	-1	-1	-1	-0.75579345927519	-1	-1	-1	NA	-1	-0.872930116123623	-1	-0.897887267496275	-1	NA	-1	NA	-1	-1	-1	-0.599999666213989	-1	NA	-0.774431279727391	NA	-1	NA	NA	-1	-0.897679166661368	-0.771986949327326	NA	-0.333333455839242	NA	-1	-1	NA	NA	-1	-1	-1	NA	NA	NA	NA
normal_down_81	NA	NA	1	NA	NA	NA	1	1	1	1	NA	NA	NA	1	1	1	1	0.898708103701126	1	NA	NA	NA	NA	NA	1	1	NA	1	1	1	NA	NA	NA	1	NA	1	1	1	NA	NA	1	NA	1	NA	NA	NA	NA	NA	NA	NA	1	NA	1	NA	NA	1
normal_down_23	-0.937394509814223	-0.664767512338078	-0.927101625336541	NA	NA	-1	NA	-1	NA	-1	NA	NA	-1	-0.859717901962907	-0.858611070517953	NA	-1	-1	-0.81752357049961	NA	-0.664360200657564	NA	-0.86645803352197	-0.69627643343228	NA	NA	-1	NA	-1	-1	-0.808577009460382	-0.806679630067927	-0.410802063064196	-1	NA	NA	-0.821202014584139	NA	-0.801264284472716	NA	NA	-0.762237776409496	-1	-0.333333343267441	NA	-1	NA	-0.453291071679544	NA	-0.666666686534882	-0.565746492041009	NA	NA	NA	NA	NA
liver_cancer_down_32	0.801181476688531	NA	1	0.888400910156114	1	NA	NA	NA	0.481424058164869	NA	NA	0.600983411073685	NA	NA	1	0.73438705157752	NA	1	-0.5	NA	0.576244405744707	0.76927715321155	0.765884364943906	0.78564197905771	NA	NA	NA	0.90769264189636	0.772442590273344	NA	NA	NA	NA	NA	0.333333343267441	0.980515677706305	0.89215947674439	0.688029863732926	0.972668427334735	0.682270442935782	NA	1	NA	0.467677498810629	NA	0.949374290965116	1	0.97816933404415	0.859289103645389	0.858619109896205	NA	0.747133783584723	NA	0.988538025472409	1	0.907563642384986
normal_down_11	NA	0.705301516460923	NA	0.907070659408885	NA	1	1	NA	NA	1	NA	NA	1	NA	1	1	0.60000079870224	1	1	1	0.977835801826126	NA	NA	1	NA	NA	NA	1	1	1	1	0.599999666213989	1	0.714285315385933	1	0.803873015852535	1	NA	NA	1	NA	1	1	NA	NA	NA	NA	NA	NA	NA	NA	NA	NA	NA	NA	NA
brain_cancer_up_6	-0.771312044780762	NA	-0.782248940343171	-0.666666388511658	NA	NA	-1	NA	NA	-1	NA	-1	-1	-1	-1	NA	NA	-1	-1	-1	-0.947594230175018	-1	NA	-1	NA	NA	NA	NA	-1	-1	NA	-1	NA	-1	NA	NA	-1	-0.786246622430867	-1	NA	-1	-1	NA	-1	NA	-1	NA	NA	NA	-0.787342637955786	-1	NA	NA	-0.832500342326828	-1	NA
liver_cancer_down_13	-0.55555534362793	-0.679615676403046	-0.618349931069783	NA	-1	-1	-1	-0.352834471634456	-0.407325964598429	-0.500000476837158	0	-0.680350713786625	-0.806192700351988	-0.829364674431937	-0.666666686534882	-0.787584957622346	-0.333333343267441	-1	NA	-0.333333343267441	-0.431887804042725	-0.363194474152156	-0.635530952896391	-0.450616334165846	-0.198639281448864	0.551474134127299	0.291208615669837	NA	-0.74744861466544	NA	0.0170068052552995	0.599999666213989	0.428571432828903	NA	-0.0449735348423322	-0.766978780428568	0.025901691189834	-0.710280300605865	NA	-0.954906335898808	-0.0909088924527168	-0.558119457392465	NA	-0.566666901111603	NA	-0.333333343267441	-0.544566648347037	-0.699149489402771	-0.600063715662275	-1	-0.627458470208304	-0.376740784162567	-0.686202571505592	-0.894987157412938	-0.337725250493912	-0.250216559994788
normal_down_63	0.871467802631721	0.8350622158372	1	NA	1	1	1	1	1	NA	NA	0.876604417066896	NA	1	NA	1	1	NA	NA	NA	0.703738129540776	0.784013137388765	1	0.897389571318466	NA	NA	1	NA	0.837114853805371	NA	0.600000023841858	NA	NA	NA	0.333333343267441	0.796445075045811	0.816234116043363	1	0.818264580518007	1	NA	NA	NA	NA	NA	NA	NA	NA	NA	NA	NA	NA	NA	NA	NA	NA
normal_down_118	NA	1	0.726687926418927	0.666666388511658	0.733787650366624	1	NA	NA	1	1	1	1	1	1	1	NA	1	NA	NA	NA	0.927147509308036	NA	1	0.829569824280277	NA	NA	NA	NA	1	NA	NA	NA	NA	NA	NA	NA	NA	NA	NA	1	1	NA	NA	NA	NA	1	NA	NA	NA	0.666666686534882	1	1	NA	NA	NA	NA
normal_down_58	-0.597058606498382	-0.844796629513011	NA	NA	-0.849062526927275	-1	-0.0787880267157699	-1	NA	-0.821395537432502	-0.73004214553272	-1	-1	-1	-0.77810458575978	-0.833333530028661	-1	-1	-1	NA	-0.780845310290655	NA	-0.678732777343077	-0.679931086652419	-0.893464127007653	-0.476891163517447	NA	NA	-0.716386090306675	-0.432072923463934	-1	-0.23389376261655	NA	NA	NA	-0.598761972259073	-0.736560486695346	-0.85968854322153	NA	-0.872164279222488	-0.743288183913511	-0.42857101559639	NA	NA	NA	-1	-0.235574019305846	NA	-0.759524166584015	NA	NA	NA	0.333333849906921	NA	NA	NA
normal_down_82	NA	-1	-1	-1	-1	-0.741414592177506	-0.599999606609344	-0.761803314089775	-1	-1	-1	-0.816600483396779	-0.913463931118827	-0.974288700985967	-0.917971740166346	NA	-0.823529764133341	NA	-1	NA	-0.898723253294041	-0.724137544631958	-1	-0.767833476122615	-1	-1	-0.714285969734192	-1	-1	-1	NA	-1	-1	-1	NA	NA	NA	-0.802185371983796	NA	-0.85554370896917	NA	-1	NA	NA	NA	-1	-0.777535300563883	-1	-1	-0.552288519638079	-0.97600898757959	NA	-1	-0.824193835882616	-1	NA
liver_cancer_down_79	NA	1	NA	1	1	1	NA	1	1	1	NA	1	NA	NA	1	1	NA	1	1	1	1	NA	1	1	NA	NA	NA	1	1	1	NA	1	NA	NA	NA	1	1	1	1	1	1	1	NA	1	NA	1	1	1	1	1	1	1	1	1	1	1
normal_down_117	NA	1	NA	NA	1	1	NA	1	NA	NA	NA	NA	1	0.818181335926056	1	0.666666984558105	1	1	NA	NA	1	0.970588192343712	0.732804159323374	NA	NA	NA	NA	NA	1	NA	NA	1	NA	NA	1	0.882353484630585	NA	NA	NA	NA	0.472049380126207	0.692460070053736	1	1	NA	NA	NA	NA	NA	NA	NA	NA	1	NA	NA	NA
normal_down_54	0.749971818398027	1	1	1	1	0.490415335981707	0.978287664565398	0.765853655047533	1	0.955882352941177	NA	1	1	1	1	NA	0.99688715803716	NA	0.991150442477876	1	1	0.792953028153348	NA	1	1	NA	NA	1	1	0.993978011131287	-0.600000023841858	1	NA	1	1	1	1	NA	1	1	0.973154362416107	0.682592632893991	1	1	NA	1	0.995169073343277	NA	1	1	0.820158639679784	NA	1	NA	NA	NA
normal_down_36	NA	1	1	0.736519001054426	1	1	1	1	NA	1	1	NA	NA	1	1	1	1	1	NA	1	0.927850467818124	NA	1	1	NA	NA	1	1	1	1	1	1	NA	1	NA	NA	1	1	0.816492383057872	1	0.707490510251149	1	NA	NA	1	1	NA	NA	NA	NA	1	NA	NA	1	1	1
brain_cancer_up_12	NA	-1	-1	NA	-1	-1	-0.647342555764793	NA	-0.700437650236548	-1	NA	NA	-1	-1	-1	-1	-1	NA	-1	-1	NA	NA	NA	-0.800000786781311	-1	NA	NA	NA	-1	-1	-1	-1	-1	-1	NA	NA	-0.833865985677049	NA	NA	-1	-1	-1	NA	NA	NA	NA	NA	NA	NA	NA	-1	NA	NA	NA	NA	NA
liver_cancer_down_92	0.750000655651093	1	0.707865870601434	0.453690785054977	0.531017924023566	NA	NA	0.549794721754814	0.764251011181932	1	0.604258362343694	1	NA	1	1	0.271635241352993	0.556997036275688	0.879787155344516	0.834384858044164	1	0.840696760039916	NA	0.860569665436264	0.822658741310851	NA	NA	NA	NA	1	0.48301518313621	NA	NA	0.5	1	NA	0.792245797344021	0.750024396757926	1	1	1	0.738189676351715	1	1	0.558699304581354	NA	0.120864227811217	0.81815033018922	1	1	1	0.896569583259645	0.793257920821178	1	1	0.333332687616348	1
normal_down_92	NA	1	0.666666328907013	1	NA	NA	NA	NA	0.588235497616586	1	1	0.801867533865429	NA	NA	1	1	NA	NA	1	NA	0.94774985751685	0.597497926038854	0.755748802874269	0.945119041841007	NA	NA	NA	0.998373980638458	1	1	1	NA	NA	1	NA	NA	NA	0.469514036899085	NA	1	NA	1	NA	NA	NA	1	NA	NA	NA	NA	1	NA	NA	NA	NA	NA
liver_cancer_down_62	-0.189022730737296	NA	-0.710317229231199	NA	-0.715538484485526	NA	-1	-0.820787074673882	-0.782135433620877	-0.284744760985005	-0.0612059071097734	-0.569570742412047	-0.388584976687151	-0.598725441466556	-0.428571432828903	-0.3846148492685	-1	-0.408969350267148	-0.750000238418579	-0.592060032247127	NA	NA	NA	-0.475175111912764	-0.206568472619568	-0.853511459194124	-0.325014442682266	NA	-0.666666030883789	0.151910931845748	0.345705775755835	-1	-0.226881636791442	NA	-0.0306878312935237	-0.742685993898262	NA	-0.963462255710413	-0.577030494809151	-0.905489042178908	-0.777105734318118	-0.546850014191407	-0.706944214304288	NA	NA	NA	-1	-0.626673033604255	-0.379022153063193	-0.723257395668306	-0.93886697514457	NA	NA	-0.690955739315242	NA	NA
normal_down_16	1	1	0.904576141525198	1	1	0.513985630538728	1	1	1	1	1	1	1	0.99121864967876	1	0.714677298510516	NA	1	1	1	1	1	0.913135083737197	0.856798808883738	NA	1	1	1	1	1	NA	1	1	1	NA	0.75432363152504	1	1	0.77761897665483	1	1	0.547476798295975	1	0.763939808916163	NA	NA	NA	NA	0.428571432828903	NA	NA	NA	NA	0.626386053032345	NA	1
liver_cancer_down_26	NA	1	0.421289873259489	0.938103899955749	1	1	-1	1	0.928147293012077	NA	NA	1	1	NA	1	1	0.83266895399679	1	NA	1	0.968469892275756	1	0.791724603859189	0.95191824555001	NA	NA	NA	1	1	NA	1	NA	NA	NA	NA	NA	1	1	1	1	1	0.850970514187979	0.333332747220993	0.585714231814657	NA	0.763888888888889	0.934679629902045	0.897130823840212	0.910136079255004	0.946892653525896	0.972512904368783	0.845376195701535	1	1	1	1
normal_down_1	-0.899190843500049	NA	-1	-1	-1	-1	-1	-1	NA	-1	-0.467156032721202	-1	-1	-1	-1	NA	-1	-1	-1	-1	-1	-1	-1	-0.858495122128791	-1	NA	NA	-1	-1	-1	NA	-1	-1	-1	NA	-1	-1	NA	NA	-1	-1	-1	-1	-1	NA	-1	NA	NA	NA	NA	NA	NA	-1	-1	NA	NA
brain_cancer_up_14	NA	NA	NA	NA	1	1	0.752897849243678	NA	NA	1	NA	1	1	NA	NA	1	NA	1	1	1	NA	NA	NA	NA	1	NA	1	1	1	1	1	1	0.5	NA	NA	0.876992374993442	1	NA	1	1	NA	1	NA	1	NA	NA	NA	NA	NA	NA	NA	1	1	0.825064436026982	1	1
normal_down_60	NA	-1	NA	-0.975452181904815	NA	-0.730908840894699	-0.750198090242015	-1	NA	-1	-1	-1	-1	-1	-1	-1	NA	NA	-1	-1	-0.882353782653809	-0.610293774043812	NA	NA	NA	NA	-0.716061377809161	-1	-1	-1	-1	-1	NA	-1	NA	-0.956585821024207	-0.833049241340522	NA	-0.797980297695507	-0.952131915924161	NA	-1	NA	NA	NA	-0.573643417205921	NA	NA	NA	NA	-1	-1	NA	NA	NA	NA
normal_down_20	1	1	0.900072065768418	1	1	1	NA	1	1	1	1	0.889263520638148	1	1	1	0.612652199135886	1	1	1	1	1	1	0.912694163896419	0.827085575571767	1	1	1	0.844155593351884	1	1	NA	1	1	1	-1	0.689667467717771	1	1	0.612721563489349	1	1	0.272726953029633	1	0.666666805744171	NA	NA	NA	NA	0.216269508280136	NA	NA	NA	NA	0.829884690267068	NA	1
normal_down_44	NA	NA	-0.971189591064248	0	-1	NA	-0.473051792365187	-1	NA	-1	NA	NA	-0.795816729193614	-1	-0.714285731315613	NA	-1	-0.199999645352364	-1	-1	-1	NA	NA	-0.640151416261991	-0.935613743016418	NA	NA	-1	-0.691477045897515	-0.996380084240598	-0.600000023841858	NA	NA	-1	NA	-0.647058963775635	-0.962373806163669	NA	-1	-0.825186108669235	-0.417076795142356	-0.866157697129796	NA	NA	NA	-1	NA	-0.428571134805679	0.142856895923615	NA	NA	-0.666666090488434	NA	NA	NA	0
normal_down_25	-0.755278413295746	-1	-0.705955713713935	NA	NA	-0.645160974994783	-1	-1	-0.558767159595046	-1	-1	-0.79999965429306	-1	-1	-0.77612167286735	-0.827160697844293	-1	-1	-1	-1	-0.893319719478864	NA	-0.666666328907013	-1	-1	-1	NA	-0.402597756277431	NA	-1	-1	-1	-1	-1	NA	NA	NA	NA	NA	-0.779896959266831	-0.667769758732288	-0.615972215309739	NA	NA	-1	-1	-0.584384902103527	-0.714286267757416	NA	-0.666666686534882	-0.706745378230805	NA	-0.888386210165412	-0.912852191647818	NA	NA
normal_down_99	NA	NA	NA	0.519453305015672	1	NA	NA	1	NA	0.910326172476229	1	NA	NA	0.749999344348907	1	NA	0.795442902593202	0.600000381469727	0.325433583617899	1	0.712651802329566	0.743286781013012	0.839354172478551	0.607403497329389	NA	NA	NA	0.801609884884398	NA	1	NA	NA	NA	1	NA	NA	NA	1	0.934099789323478	1	0.861572397606713	0.400926670877733	NA	NA	NA	1	NA	NA	NA	NA	NA	0.666666090488434	NA	NA	NA	1
normal_down_19	NA	1	1	1	1	0.611231951713562	NA	0.659959777140282	1	1	NA	1	0.880720965840198	1	1	0.852580096721649	NA	0.457261392087848	NA	0.842657350160025	0.878896139286183	0.840172564541852	0.918221786342285	0.788612347510126	NA	NA	0.404900504925916	0.451737266134571	0.866333107429522	0.954897337489658	0.925000004470348	0.874669167730543	1	NA	NA	NA	0.91057944463359	NA	0.340153444072475	0.997282616470171	0.701851732752941	0.492540809684075	NA	NA	NA	1	0.164346868397443	NA	NA	NA	0.454545646905899	NA	NA	NA	NA	NA
liver_cancer_down_57	0.0611327614358794	-0.81093583170038	-0.292560455091298	NA	-0.84346485645213	-0.486929365631306	-0.803844145426514	-0.487323957429805	-0.607740465904537	-0.771844877780062	-0.900000072442568	-0.000265600987606578	-0.362060680331891	-0.178872646826306	-0.400562531622173	-0.592507991665288	-0.419591018151789	-0.663401211598026	NA	-1	-0.432910388006884	-0.453068072539429	NA	-0.189090958982706	0.694958257324555	NA	0.352903940465669	-0.722788616305306	-0.232165903286185	-0.149830079159221	-0.71362435406652	0.599999666213989	NA	0.499999552965164	NA	-0.319078282678508	-0.547518841110135	NA	-0.744943902994457	-0.342794927851398	-0.341938234897919	-0.242738310976865	-0.572519461934765	-0.432147743320277	-1	-0.287222875473655	-0.69451105594635	-0.356109533350445	-0.493882249618314	-0.782717280718217	-0.213491737166989	-0.701794656238171	-0.81729311654918	-0.505454680684841	-0.757042021705554	-0.395308144828852
normal_down_90	NA	-1	-1	-0.812230728938432	-1	-1	-1	-1	-1	-1	-1	-1	-0.966086037960581	-1	-1	NA	-1	-1	-1	-1	-1	-0.91070452084144	-1	-1	-1	NA	-1	-1	-1	-1	-0.866299027577043	-1	NA	-0.948633915276697	NA	-1	NA	-1	-1	-1	-0.769628096448199	-0.975970626808703	-1	-1	-1	-1	NA	-1	-1	-0.925954630893975	-1	NA	-1	-1	NA	NA
liver_cancer_down_81	NA	-1	NA	NA	-0.711309131234884	-1	-1	-1	NA	NA	NA	-0.880112539045513	-1	NA	NA	NA	-0.60000079870224	NA	NA	-1	NA	NA	NA	NA	NA	NA	-0.714285969734192	NA	NA	-1	NA	-0.630768950168903	NA	-1	NA	-0.738394940167331	NA	-0.79558021388948	NA	-1	NA	-1	-1	-1	NA	NA	-0.82255492227919	-1	NA	-1	NA	NA	-1	-1	-1	NA
normal_down_108	NA	NA	NA	-0.814418923470282	-1	NA	-1	-1	-1	-1	-1	NA	-0.982502178882989	-0.738590507729109	-1	NA	-1	-0.199999645352364	-1	NA	-0.773420214653015	NA	NA	-0.735946271997718	-0.796856540877645	-1	NA	-0.949999904632568	-0.570384717825371	-1	NA	-0.81106132765611	0	-1	NA	NA	-0.611798400977789	-1	-0.164444887638092	-1	-1	-0.574394398246493	1	-1	NA	NA	NA	NA	-0.142856895923615	NA	NA	-0.56404890329694	-0.987234639834209	NA	-1	1
normal_down_13	NA	-0.621197488774424	-0.857670481862693	0.312751938394234	-0.74407816590407	-0.919191850556268	NA	0.0336481943674071	NA	-0.377301579510235	-1	-0.391313001604002	-0.950166926343562	-0.976055684715811	-0.844561827313053	-0.876994238461468	-0.711965200005536	-0.713041112333739	-1	-1	-0.765100994530846	-0.649255256839357	-0.829606043941834	-0.92590873454504	NA	NA	NA	NA	-0.633346952105823	-0.962031914103633	-0.884412836325513	-0.919377941523355	NA	-1	NA	0.446828445270114	-0.800000369548798	-0.361679911356548	-0.845733344554901	-0.697680869104364	-0.236827483337917	-0.669263963796655	NA	-0.860606070946563	NA	-1	0.779566144943237	NA	0.442810361584028	NA	NA	NA	NA	NA	NA	0.102150540678732
liver_cancer_down_30	0.750000655651093	0.905899811874736	0.350648736411875	1	NA	NA	0.677777278423309	1	NA	0.62364754148505	0.510526716709137	0.817290714027685	0.4953140437603	NA	0.919228502916633	0.339406691789627	0.306666597723961	0.631461998119074	1	NA	0.769248231401983	0.770376934080708	NA	1	0.425641530752182	-0.360244885245536	-0.628743828314802	1	1	0.630205067525427	0.318008085091909	1	0.5	NA	-0.938144333583792	0.862079437289919	0.550040694278315	NA	NA	0.750000715255737	NA	0.600000023841858	-0.333332747220993	0.785321215423969	-0.333332866430283	1	0.700721777147717	0.69761894394954	0.428570657968521	0.67906979488772	1	1	0.892496433522966	0.801347058327472	1	1
normal_down_120	NA	-0.828737456064958	-1	NA	NA	NA	-1	-1	NA	-1	-1	-0.8263154892545	-1	-0.737003122231899	-1	-0.666666984558105	NA	-1	-1	-1	-0.882353782653809	NA	-1	NA	NA	-0.192956558739146	0.196311572018792	-0.666666030883789	NA	-0.988328780668477	-1	-0.599999666213989	NA	NA	-1	NA	NA	NA	NA	-1	NA	NA	-1	NA	-1	-1	NA	NA	NA	NA	NA	NA	NA	NA	NA	NA
liver_cancer_down_27	NA	0.670262253394833	1	0.688311435959556	NA	1	NA	NA	NA	NA	NA	0.98235820543648	NA	NA	0.996557659413441	NA	NA	1	NA	1	NA	NA	NA	NA	NA	NA	NA	NA	NA	NA	NA	NA	NA	NA	NA	NA	1	NA	NA	0.770371095339457	0.949698293712777	1	NA	0.333333343267441	NA	0.921356655455924	0.777777373790741	1	1	0.963059333603034	1	1	0.41570185406788	1	1	0.784903617807337
liver_cancer_down_34	-1	-0.811009742143586	NA	NA	NA	-0.940476140805653	NA	NA	NA	NA	-0.195414960384369	NA	-1	-1	-1	-1	NA	-1	NA	-1	NA	NA	NA	-1	NA	NA	-1	NA	-1	NA	-0.669135822190179	NA	NA	NA	-1	NA	NA	NA	-1	NA	NA	-1	-1	-1	NA	0	-1	-1	-0.428570657968521	-1	-0.740002489089966	NA	-1	-0.983783736422255	-1	-1
normal_down_71	NA	-1	-0.723276471162771	NA	-1	-1	-1	-1	NA	-1	NA	-1	-1	-1	-1	-1	-0.706539139972897	-0.65364018288152	-1	-1	-0.770322223971872	NA	-1	-1	NA	NA	NA	-1	-0.851026222690359	-1	NA	NA	NA	-1	NA	-0.883636008609425	-0.692346143210592	-0.912140257656574	-1	-1	-1	-1	NA	NA	NA	NA	NA	NA	NA	NA	-1	NA	-1	NA	-1	NA
normal_down_103	NA	-1	-1	-1	NA	-1	NA	-1	-1	-1	-1	-1	NA	NA	-1	-1	-1	-1	-1	-1	-1	-1	NA	-1	NA	NA	NA	-1	NA	-1	-1	NA	NA	-0.968487886593714	-1	NA	-1	-0.777777135372162	NA	-0.599999606609344	-1	-1	-1	-1	-1	-1	NA	NA	NA	NA	-0.989428853754904	-1	NA	NA	NA	NA
liver_cancer_down_44	NA	NA	NA	-1	NA	NA	NA	NA	-0.612121873281219	NA	NA	-0.877419251752527	NA	NA	-1	-1	-1	-1	NA	NA	-1	NA	NA	NA	NA	NA	NA	-1	-1	NA	NA	NA	NA	NA	NA	NA	NA	-1	NA	-1	-1	-0.600000023841858	NA	-0.333333343267441	NA	-1	-1	-1	-1	NA	-0.874366256527435	-1	NA	NA	-1	-1
normal_down_70	NA	0.716994573895851	1	0.794257412261309	1	1	1	1	0.202666319310665	1	1	0.86044236368472	1	0.911727507680769	1	0.373297444299648	NA	0.861102112408342	0.752042988736426	1	0.883258727880625	0.761046299444778	0.698013039390046	0.881108960015091	1	0.656324649850527	NA	1	0.65908507510262	1	NA	NA	1	0.972652169374319	NA	NA	0.85615057641497	NA	1	0.868472412742417	0.715905800105282	0.755857813996052	NA	-0.523809530905315	NA	0.555965773496531	0.333333343267441	NA	NA	NA	1	0.666666090488434	NA	0.946969070093972	NA	NA
normal_down_41	NA	-1	-1	NA	-1	-1	NA	-1	-1	-1	NA	-1	-1	-1	NA	-1	-1	-1	NA	-1	-0.842070596558707	NA	NA	-1	NA	NA	NA	NA	-1	-1	-1	-1	NA	-1	NA	NA	-1	NA	-1	-1	-1	-1	NA	-1	NA	-1	NA	NA	NA	NA	-1	NA	-1	NA	NA	NA
normal_down_56	NA	-1	NA	NA	NA	NA	-1	-1	NA	-1	-1	NA	-1	-1	NA	-1	NA	NA	-1	-1	NA	NA	NA	-0.81242504119873	-1	NA	NA	NA	-1	-1	-1	-1	-1	-1	-0.876923084259033	NA	NA	NA	NA	-1	-1	NA	NA	0.333333343267441	NA	-1	NA	NA	NA	-1	-0.833333909511566	NA	NA	NA	NA	NA
brain_cancer_up_19	NA	-1	-1	-0.821918670088053	-1	-1	NA	-1	-1	-1	NA	-1	-1	-1	-1	-1	-0.764450279729707	-1	-1	NA	-0.923335109922019	NA	-0.966547790576111	-0.844540040309613	NA	-1	NA	NA	-1	-1	NA	NA	-1	-1	NA	NA	-0.875735173622767	-1	NA	-1	-0.811176287179643	-1	-1	NA	NA	-1	-1	-1	NA	NA	-0.863306862336618	-1	-1	-0.864301374729942	NA	-1
normal_down_32	-0.524301271517198	-1	-1	-0.463011218991342	-0.535563834186704	-0.958139493714931	-0.361520851959521	-0.654838706216505	0.635257021165811	-0.961833373755217	0.271889400921659	-0.576964886276983	-1	-0.665881248750451	-1	-0.113759747083239	-0.409178303414956	-1	NA	-0.851351351581485	-0.798697199562245	NA	-0.950318714450387	-1	-0.688665605204947	NA	NA	-1	-1	-1	-0.958324582261198	-1	-1	-1	-0.518264857465274	-0.785831083107546	0.0411755808235444	-0.804458164834771	-0.957600156466166	-0.959405850310352	-0.898665194731977	0.0680628272251309	-1	-0.520833333333333	NA	-1	NA	NA	NA	0.202614388045143	0.665409472499575	0.579558371043787	-1	-0.802272155880928	-0.471666260063648	1
liver_cancer_down_9	NA	-0.811756387352943	-1	-1	NA	-1	NA	NA	NA	NA	NA	-1	NA	NA	-1	-0.629119981870507	NA	NA	NA	NA	-0.720588207244873	-0.798408489960891	NA	-1	NA	NA	NA	NA	NA	NA	NA	NA	NA	NA	-1	NA	-0.842107895093086	-1	NA	NA	-0.845008171619253	-0.706453928893263	NA	-1	NA	-1	NA	-1	-1	-0.692825263932995	-0.98917070752696	-1	-0.971320328838898	NA	-1	-1
brain_cancer_up_15	NA	-1	NA	-0.690475940704346	-0.10821481931831	0.329983278135558	1	-0.467528742705954	-1	-0.51843361799107	NA	0.159266254895336	-1	-0.836734813086841	-1	-1	-0.60000079870224	0.442176870748299	NA	-0.446153850433154	NA	-0.654929066536038	NA	-0.636320238389214	NA	-1	NA	NA	-0.380952532329257	-0.457914584696887	NA	NA	-0.765740752772049	-1	NA	NA	-1	-1	-0.365756753758334	-1	-0.458290444789352	-0.522777038349953	-1	NA	NA	0.236148955873962	0.224806208250135	NA	NA	-0.333333343267441	0.447635844715086	NA	-0.155172413793103	NA	-0.537889525557266	-0.868354432473454
normal_down_17	NA	1	1	1	1	NA	NA	1	1	1	1	1	1	1	1	NA	1	1	1	NA	1	1	1	1	1	1	1	1	0.808741441449603	1	1	0.820307886278307	1	1	1	NA	1	1	1	1	NA	1	1	NA	NA	NA	NA	NA	1	1	1	1	NA	0.96062260946712	NA	NA
liver_cancer_down_103	-1	-1	-0.963913368342987	-1	-1	-1	NA	NA	-1	NA	NA	-1	NA	NA	-1	-1	-1	-0.222199852502829	NA	-1	-1	-0.982545772432043	-0.965600483974472	-1	NA	NA	NA	-0.795014617343744	-0.696604379187239	-1	NA	NA	NA	NA	NA	-0.923348948762224	-0.949121252254204	-0.813331785725384	-0.809467188243208	-1	-1	-1	-1	-1	NA	-1	-0.78826448287604	-0.683547380081443	-0.990133858004282	-1	-1	-0.906038802974629	-1	-0.785444781436759	NA	-0.792625640151246
liver_cancer_down_53	-0.603801374001936	-0.680370591367994	-0.663448000379971	-0.686775413581303	-0.6321296444961	-0.441882987107549	NA	-0.440923804328555	-0.818100874764579	NA	0.31428610427039	-0.469450813531876	0.0505985074277435	-0.559629962699754	-0.530737524798938	-0.861364741836275	-0.210094469200288	-0.799904336248125	NA	-1	-0.510283945525279	-0.202692999903645	-0.667464366129466	-0.553268500736782	-0.0866474659315177	-0.35525066676465	NA	-0.726070739767131	-0.692703414814813	NA	0.151030363887548	0	NA	NA	-0.352056559055082	-0.681012808345258	-0.678234380980333	-0.747853594236687	-0.743375760727915	-0.386196531994002	-0.263848010450602	-0.463397680861609	-0.620226033244814	-0.726901037618518	NA	-0.676701516764505	-0.627449062892369	-0.649018116508211	-0.774444664376123	-0.695098470790046	-0.66765838435718	-0.753017826591219	-0.737194137062345	-0.589740220457315	-0.769726725987026	-0.660855380765029
normal_down_35	NA	1	1	NA	1	NA	1	NA	NA	1	0.996687370625095	1	1	0.996861768730779	NA	1	NA	NA	1	NA	1	1	0.916944664945969	0.983880264614776	1	1	NA	1	1	1	1	NA	1	1	1	NA	NA	NA	1	1	1	NA	NA	NA	NA	0.992795389048991	NA	NA	NA	NA	NA	NA	1	NA	NA	NA
liver_cancer_down_37	NA	1	0.788158635298411	1	1	1	NA	NA	1	NA	NA	1	NA	NA	0.958318961784244	1	1	1	NA	NA	1	1	0.866739768534899	1	NA	NA	NA	1	1	NA	NA	NA	NA	NA	NA	0.905719766250023	1	1	1	1	1	1	NA	1	NA	1	1	1	1	0.898486772552133	1	1	1	1	1	1
normal_down_98	NA	1	1	0.81835309295885	NA	0.92258069688274	1	1	1	1	NA	1	1	1	1	NA	1	NA	1	NA	1	1	1	1	1	1	1	1	NA	0.983360855047368	NA	0.503469016217538	1	1	NA	1	1	NA	1	1	-0.0812028594888174	1	NA	NA	1	1	NA	NA	NA	1	1	NA	NA	1	NA	1
liver_cancer_down_45	-0.335501285981599	-1	NA	NA	-1	-0.599999606609344	-0.585533355696257	-0.638580262477015	NA	-0.644211258473899	0.252498113304559	-0.954539779399304	-0.548057916555919	-0.195508091406928	-1	-0.739475875907803	NA	-0.788586796200188	-0.146020965012785	-0.53580915001759	-0.431785660108347	-0.227720060851425	NA	-0.840928289535883	-0.278659502090198	0.416303307072833	0.600969144471095	-0.66127092547533	-0.744578254257524	0.0778892262846478	0.573756746884944	-0.25263424158821	-0.988636363636364	0.443877169741439	0.600695957679048	-0.676613012482138	-0.906223074053273	-0.811782794171258	-0.517815385056638	-0.320866532213106	-0.583624530276027	-0.600000023841858	NA	-0.452052397488137	0.333332866430283	0.597153973648917	-0.811309593831193	-0.893938562091516	NA	-0.59953556373103	-0.497495784490339	-1	-0.408079202883753	NA	-1	-0.238007318758408
normal_down_122	NA	0.781938422234759	0.845342334686664	NA	NA	0.856603620187292	1	NA	0.597850198707273	0.987460832610773	1	0.82312223120876	0.992859796956483	0.893268066632554	NA	0.666666984558105	1	0.678240313658265	1	1	0.833517387077428	0.730738658090712	0.758714122882068	0.786568713560055	1	NA	NA	0.836057203847009	0.812200083579431	1	0.600000023841858	0.969040221843188	0.854961832061069	0.932962653066578	1	0.767401955617026	0.610909843444824	NA	0.618127345281934	1	1	0.97367413626068	1	0.821305916481411	1	0.990881458966565	NA	NA	NA	0.333333343267441	0.583333037793636	NA	NA	NA	NA	-1
brain_cancer_up_11	NA	0.784795651310369	1	NA	1	NA	NA	0.777548458492547	NA	NA	NA	1	0.975258754010786	1	1	1	NA	0.928495566050212	NA	1	0.760654224289788	NA	0.666666328907013	1	NA	NA	1	NA	0.814012944698334	NA	NA	1	NA	NA	NA	NA	0.8773193359375	NA	0.674609228184349	1	1	0.600000023841858	NA	NA	NA	1	NA	NA	NA	0.666666686534882	NA	NA	1	1	NA	1
liver_cancer_up_10	0.265668055063553	0.447420237851994	0.120091630540409	0.378304461857607	-0.139963593185935	0.241079930352493	0.506030379228256	-0.352205798762222	NA	-0.714096902977696	-0.533122091640371	0.671854643445266	-0.282580835550308	-0.361796524792795	0.073057032413256	0.578994547149965	0.0895389259572843	0.608304018077772	-0.997645280116762	0.319494958899238	0.387434672564268	0.342088040631654	0.0912131936638616	-0.0930499153045735	-0.541773021328171	-0.656514996014859	-0.86469248826824	NA	0.309293242944341	-0.519408385353398	-0.489681070036179	-0.289142743040643	-0.393313708031528	NA	-0.783372655234955	0.470443846137674	-0.293085613951145	-0.0663829071892668	0.128517604292485	-0.0562614995004559	0.622558095141665	0.19351055178341	-0.38889263391955	1	-0.668041960648782	0.893921425326414	0.307490462118173	0.229743859594893	0.240166589192696	0.0268063682992503	0.425829923302559	0.311809194445424	0.126689715438193	0.294601780250669	-0.0568462180522468	NA
brain_cancer_up_9	0.932735602417334	-1	-0.33223456465281	-0.24756259056537	-0.433644088463009	-0.834210637074552	-0.509068983284073	NA	NA	NA	NA	0.467476089000702	-0.777778565883636	-0.803676134494484	-1	NA	0.00891622039489448	-1	1	-0.866666666666667	NA	-0.058681511517727	NA	-0.85057320616938	-1	0.142857119441032	NA	NA	0.307314920671207	1	NA	NA	NA	0.76634587891973	NA	-0.215177819997854	0.836294159522423	-0.622247087642734	-0.863631390608274	-0.5	0.308641975308642	0.843137259117695	NA	-1	NA	-1	-0.352045337672914	0.228272654015922	-0.755217877251131	-0.514314057571547	-0.174205005550996	0.697821210039423	NA	-0.807224415499589	NA	0.308219186859588
normal_down_66	0.750000655651093	0.711856167100956	-0.143601126037538	0.911222708285154	0.767227778622031	0.669278580948091	1	0.79220193162445	NA	0.562841530054645	1	0.656831584752552	0.485280128371002	0.8807106311173	0.545680478011092	1	1	0.658536697669727	1	0.514132921070976	0.870523943172561	0.733333051204681	NA	1	0.931186528722192	0.629041189396823	0.766446816510168	1	0.652173913043478	1	NA	0.635719575337916	0.44578313253012	1	NA	0.960365327748847	1	0.475942343908505	0.7535496128572	0.72214967796677	1	1	0.595394579987777	NA	NA	1	1	0.0144927536231884	NA	0.735513157224002	0.0633870467909275	0.910514618726385	-0.924999976530671	-0.819331268469493	-0.012987012987013	0.682926829813457
liver_cancer_down_68	-0.863168926368206	NA	-0.807520881714112	NA	-0.797202640313369	-1	NA	-1	NA	NA	NA	-0.766171725659535	-0.932789012726317	-0.89813251444634	-0.946394406012352	-1	-0.943813836498625	-1	-1	-1	NA	NA	-0.833334147930145	-1	-0.861618141974172	NA	-1	NA	NA	NA	NA	NA	NA	NA	-1	NA	NA	NA	-0.628757345676422	NA	-0.974670772011398	-1	-1	NA	NA	NA	-1	-0.793560790408189	-1	-0.784959107637405	-1	-1	-0.526974654160087	NA	-1	0.429824561403509
normal_down_40	NA	-0.817206750130324	-0.849289461788608	-1	-0.917319977618604	-0.7490597966812	-0.435167259546556	-0.529517612117089	-0.687913565049593	-1	0.84142556143742	-0.923261902788106	-1	-0.65294324975056	-1	-0.706896327054778	-0.152034280728189	-1	-1	0.433526013972442	-0.536790612986799	-0.701616350323596	-0.906358828494599	-0.75294299264374	-1	NA	1	-0.23143970920253	-0.843974162961715	-0.921493583614543	-1	-1	-1	-0.900010537606454	-0.511530405882769	NA	NA	-0.730039052199572	-0.823595657944679	-0.969455705550702	-0.803424349967265	-0.679344726806013	0.641791044776119	NA	-1	-1	0.81469556237712	0.428571134805679	NA	-0.591482932929399	0.475598189391588	-0.393939760598269	NA	NA	-0.5	1
normal_down_26	NA	-0.84359019822468	-1	NA	-1	-1	-1	-1	-1	-0.952444916860217	NA	-1	-0.937902770979556	-1	-0.807347915151663	-0.814757645819228	-0.699078467884505	-1	-0.903441751623429	NA	-1	-0.899736835904743	-1	-0.893614744088229	-1	NA	NA	-1	-1	-1	NA	-1	-1	-1	NA	-0.958043479067939	-1	-0.777777135372162	-0.806877010450588	-1	-1	-1	NA	NA	NA	0.0689655192967119	NA	NA	NA	NA	NA	NA	NA	NA	NA	NA
normal_down_65	NA	1	NA	1	NA	1	1	NA	NA	1	NA	NA	1	1	NA	0.896887337147948	1	NA	1	1	1	NA	NA	1	NA	NA	NA	1	NA	1	1	1	NA	1	NA	1	1	1	NA	NA	1	1	NA	1	NA	1	NA	NA	NA	NA	NA	NA	1	NA	1	NA
normal_down_10	-0.36177514857716	-0.981495400701345	-1	-1	-1	-1	-1	-1	NA	-0.885877318116976	-1	-1	-1	-0.94269830571676	-1	-1	-1	-0.492537313432836	-1	-0.815499509688671	-0.98123811040407	-0.762712871402154	-0.794684833804294	-0.853305459219562	-1	-1	-0.777026070575965	-0.273743016759777	-1	-1	-1	-0.781155410543967	-0.905486728554278	-1	-0.334045745725707	-0.92892972122286	-0.774419870462503	-0.892935932706721	-0.913763967298326	-0.94183825807497	-0.830706183094837	-0.767548502068528	NA	-1	-1	-1	-0.790403567931869	-0.220878199162618	NA	NA	-0.887044265375033	NA	-1	-1	-0.425196293653466	-1
normal_down_72	NA	-1	-1	-1	-1	-0.978035127488188	-0.925771516644292	-1	-1	-1	-1	-0.910885832353992	-1	-0.940762181904902	-1	-0.876739179798211	-1	-1	-1	-1	-0.839814983323428	-0.98174973618379	-0.897278371542127	-1	-0.876038299396981	NA	NA	-1	-1	-1	-1	-1	-1	-1	-0.632964454696212	NA	-1	-1	-0.889813509688043	-1	-0.888705910044548	-1	NA	NA	NA	-1	NA	-0.714286267757416	NA	NA	-0.899901635615172	-1	-1	NA	0.0146198547200153	-1
normal_down_95	NA	-1	-1	NA	-1	-0.645569282996504	-1	-1	-1	-1	NA	-1	-0.820210726743334	-0.976755932443121	-1	-1	-0.755406635649064	NA	NA	-0.916500995931758	-1	-0.89520348816207	-1	-0.644545313715935	-0.529050983347983	NA	NA	NA	-1	-1	NA	NA	-1	-1	-1	NA	-1	NA	NA	-1	-1	-1	NA	-0.927145969169409	NA	-1	NA	NA	NA	NA	-0.855752961135205	NA	NA	-0.799999415874481	NA	-1
liver_cancer_down_38	0.544976592063904	0.422233354477655	0.785878164427621	0.555900299030802	0.702063419989177	0.420735874346324	NA	0.69265307358333	0.272136797152814	NA	NA	0.580048691658747	-0.018751061743214	0.37839704981217	0.912754358280273	0.0408162602356502	0.601970884306677	0.34986513924031	NA	0.888095242636544	0.204100645723797	0.135397366824604	0.314164375975018	0.294236722091834	NA	-0.00455104559659958	-0.142856881022453	0.89312150648662	0.598473473673775	NA	0.214285720671926	-0.142857283353806	-0.349206358194351	NA	1	0.507985523059255	0.359817292009081	0.257670929389341	0.479333547609193	0.796342897982824	0.611030565840857	0.406204601838475	1	1	NA	0.212500004470348	0.459488648034277	0.677422199930463	0.657024759621847	0.827503282399405	0.572614995496614	0.620443268900826	-0.400000135103862	0.470593091987428	0.848364422718684	0.66220927522296
liver_cancer_down_69	NA	NA	1	NA	0.694449789822102	1	1	NA	0.365021946152467	1	NA	1	NA	NA	1	NA	1	0.659242717921734	1	NA	0.966776675206644	NA	0.646262809342029	0.833513880279702	NA	NA	NA	1	1	NA	0.636778127639852	NA	NA	1	NA	0.882353484630585	0.587163231202534	0.807409729276385	0.86824927686834	1	0.714286208152771	0.292948722839355	NA	NA	NA	1	0.915804432341333	NA	NA	NA	0.936538457533734	1	1	1	1	1
normal_down_50	NA	1	1	0.673469117709569	NA	1	1	1	1	1	NA	1	1	1	NA	1	1	NA	1	1	1	1	NA	1	NA	NA	NA	NA	1	1	1	NA	NA	1	NA	NA	NA	1	1	0.969240520633547	NA	1	1	NA	NA	1	NA	NA	NA	NA	1	1	1	1	NA	NA
normal_down_24	-1	-1	-1	-1	-1	-1	-1	-1	-1	-1	-1	-1	-1	-0.93856419759233	-0.830616340168521	-0.753325916638895	-0.450807942889861	NA	-0.912055425980375	-0.623284499223034	-0.868130471025194	-0.567293845897629	-0.86894820697272	-0.883551252374501	-0.714285969734192	NA	-0.714285969734192	-0.636491687258794	-0.972804922323961	-1	-1	-1	NA	-0.74104567864816	-1	-0.73420351123278	-0.42306419808131	-0.796957536271988	-0.592546813709791	-1	-0.722952184869963	-0.910305436140572	-1	-1	NA	-1	-0.211179393575276	NA	NA	-1	-0.629267471739899	NA	-1	NA	-0.648859841205581	NA
normal_down_27	NA	NA	1	0.933823482078664	NA	1	1	1	1	1	NA	1	1	1	1	1	0.606191252384867	1	1	1	1	NA	1	1	0.792857328057289	NA	NA	NA	1	1	1	1	NA	1	NA	0.957379139623334	1	NA	1	1	1	1	NA	1	NA	1	NA	NA	NA	NA	NA	NA	NA	0.795852668357618	NA	NA
normal_down_121	0.472753905198153	-0.0527669614231264	-0.737179404458938	-1	NA	NA	NA	-0.800888886451721	-0.909413287297208	-1	-0.83870966533362	NA	-0.774524048087919	NA	-0.428571426868439	-0.803571461484982	0.199999615550041	0.0303030303030303	NA	-1	-0.6740137575748	NA	-1	-1	NA	-0.882246331460234	NA	NA	NA	-0.864363534582986	NA	-0.798449471939442	-1	-1	-1	NA	0.187636939287186	NA	-0.129730192793382	-0.871094766516416	NA	-0.765034975288631	NA	-0.834710743801653	-1	-1	0.542805304129918	1	0.474999459087849	0.494283512418653	-0.196371039627372	0.688094741106033	NA	0.114850420018901	1	NA
normal_down_21	NA	-1	NA	NA	-1	-1	-1	-1	-1	-1	NA	-1	-0.83073580381917	-1	-1	-1	-1	-0.683208299938001	-1	-1	-1	NA	-0.848019398342479	NA	NA	NA	NA	-1	-1	-1	-0.961805557832122	NA	NA	-1	NA	NA	-1	NA	NA	-0.948996284861623	NA	-1	NA	-0.381140631672583	NA	-1	NA	NA	NA	NA	-0.994145216511898	NA	NA	NA	NA	NA
liver_cancer_down_59	-1	-1	-0.91137084172618	-0.695454958946474	-1	-0.732688905731324	NA	-0.600000023841858	-0.902396859661225	-0.172678784955116	NA	-0.745153243503263	NA	NA	-0.582719404851237	-1	-0.847138514441829	-0.721147276701466	NA	-1	-0.917401101320021	-0.891068517200408	-0.815038117670244	-0.834422197072737	NA	-0.28571429848671	NA	-1	-0.652762063087956	-0.665216870929884	NA	NA	NA	NA	NA	-0.752542027542668	-0.932175413254769	-0.764307880593884	-0.365004911057411	-0.993841131848674	-0.955447356547079	-0.857613162648293	0.481182438711966	-1	0.333332866430283	-1	-0.892500926409998	-0.853028204171888	-0.996534295620457	-0.91254761238252	-0.761133020923984	-0.941685855388641	-0.897435742039834	-0.789361551884682	-1	-1
normal_down_30	1	1	1	1	0.810896211281055	1	NA	1	0.600000739097595	1	NA	0.864467840659909	1	0.847827767021954	0.486916942951771	1	1	1	NA	1	0.887092596606204	0.821190247521598	0.672964758384302	0.875364304955946	0.714285969734192	1	NA	1	1	1	1	1	1	0.869177830055219	NA	0.850622798871557	0.838903309018524	0.708667086126904	1	0.911888975342479	NA	1	NA	NA	NA	NA	NA	NA	NA	0.666666686534882	NA	NA	NA	NA	NA	NA
