brain_cancer	liver_cancer	normal
normal_down_112	0	0	0
liver_cancer_up_42	52.3674893995243	69.388820349649	0
liver_cancer_up_20	12.1202712044411	31.3841411007336	3.74388105489592
liver_cancer_up_52	0	32.7565837457444	33.7194186011477
brain_cancer_up_39	21.4202003125161	1.23183365756031	29.4213945105456
liver_cancer_up_25	8.52628156315447	18.908452844883	0
liver_cancer_up_56	0.123407577245066	0	0
normal_down_70	0	5.47170154488101	14.6971929870651
liver_cancer_up_8	0	0	0
liver_cancer_up_27	5.24689128951914	55.1512437455815	32.7684722645708
normal_down_36	2.73274273410861	13.4369791132206	0
liver_cancer_up_28	0	40.8858917385653	23.4141450553002
liver_cancer_up_18	27.4470149800539	0.462995396808017	54.0688347554285
liver_cancer_up_23	41.6962275071287	55.6850368730275	0
liver_cancer_up_44	0	24.4572801919093	48.7949270762093
liver_cancer_up_69	0	14.6448292715848	17.8484542751198
liver_cancer_down_139	0	0	0
liver_cancer_up_21	0	0	0
liver_cancer_down_164	3.81147794643782	3.99925638067917	0
liver_cancer_up_32	0	0	0
normal_down_81	8.0718558936705	0.978623876697164	3.32814087516613
liver_cancer_up_60	13.4872030689877	0	6.4082610235592
normal_down_60	0	6.69456666714191	1.99717291400421
normal_up_112	61.3396310789413	10.8740232597207	31.960738682768
brain_cancer_up_13	0	1.22573575266217	0
liver_cancer_down_179	2.32859804008699	6.89953603320649	0
liver_cancer_up_65	0.597668856959438	0	0
normal_down_44	2.13018968221445	8.49640153878177	2.98040090178213
normal_down_104	0	0.792669162121603	0.725625717166094
liver_cancer_down_189	0	0	0
brain_cancer_up_3	1.18083516979868	0	0
normal_down_33	1.74095253151717	0	2.90037990589433
liver_cancer_up_64	5.58992284823363	0.136726519006257	0
normal_down_118	0	8.41313795494568	12.4398811504598
liver_cancer_down_37	5.33860256684556	0	4.09958171880594
normal_down_69	1.65283887481339	0	1.87725608005795
normal_down_103	13.4273921265009	0	8.73549397600804
brain_cancer_up_31	2.88551283529264	0	5.13587236146614
liver_cancer_up_1	100	14.2363602745343	33.4467132238864
normal_down_82	33.4188761044534	5.34494626140279	12.1629404617673
liver_cancer_up_14	0.74967710546442	7.29805313376626	0
liver_cancer_up_15	6.01822630850286	16.9957653709549	0.431154055378193
liver_cancer_down_2	0.471744095767442	0.294950727654645	1.27120122656814
normal_down_31	0	1.97302246042654	0
liver_cancer_down_187	0.0744458141376852	0.207866179112311	0
liver_cancer_up_29	5.25003032373451	0	18.5053559793931
liver_cancer_down_50	0	30.2475565409694	20.7963592463725
liver_cancer_up_11	0	0	0
liver_cancer_down_122	30.0042676963184	0	36.2095547483253
liver_cancer_down_123	0	0.318747846281266	0
liver_cancer_down_136	1.6622971880379	12.1739418990042	3.61683485593465
brain_cancer_down_45	0.912524678232711	0	10.9961532480361
liver_cancer_up_66	0	9.6804184586484	4.58428740847708
liver_cancer_up_41	0	1.72465271207268	0
liver_cancer_down_1	0	0	0
normal_down_42	0.192239388382108	0.137472042188785	0
liver_cancer_down_46	2.24221400433556	0	3.0394104197457
liver_cancer_down_141	0	1.57220058702447	5.43656585916525
normal_down_45	0	0.692790256512564	0.27529097694702
liver_cancer_up_3	59.4149137265667	11.4821814851268	27.2385029512602
liver_cancer_up_16	12.9610340941206	0	8.33055501948166
liver_cancer_down_153	0.219246098839175	3.81935028633516	1.33081206977601
liver_cancer_up_70	1.96051928570002	6.26568825483456	0
liver_cancer_down_184	0.544731685163373	0	0.537551772598318
brain_cancer_up_37	1.20728799831424	0	0.642346591421972
liver_cancer_down_36	1.28756964397592	0.584036885904953	4.80640758451614
liver_cancer_down_98	6.8293338474254	1.07846485031869	3.09896476280356
liver_cancer_down_54	21.1591550843914	0	12.4509978978689
brain_cancer_up_17	81.0231582542074	32.8131275628697	4.9916999006131
liver_cancer_up_55	0.462866714600783	7.65966673397908	4.96199924097333
liver_cancer_down_116	3.52874249015821	0	4.89519573788971
normal_down_85	0	1.39197135495897	2.18196578937046
normal_up_85	0	5.69268690791922	19.8447004483172
normal_down_38	0	0.36338345849767	0.58075015438269
brain_cancer_up_26	0.0145110288943422	0	0.0156705252636015
normal_down_22	0	0.132391002447583	0.537457553949632
normal_down_100	0	4.25196770404636	3.27484134732913
liver_cancer_up_33	7.05717332401987	9.84734311980904	0
liver_cancer_down_64	2.83567122032248	0.56327154028632	0
liver_cancer_down_142	0	3.72854469445991	8.13009321819707
normal_down_49	0	0	0.646670656681554
brain_cancer_up_18	6.69304721775051	1.97144552527285	25.0373460535771
normal_down_106	0	0.169184765165418	1.23729470309645
normal_up_91	0	0	0
liver_cancer_up_35	0	0	0
brain_cancer_up_16	30.5395524859288	0	9.44617453060955
liver_cancer_up_68	0	0	0
brain_cancer_up_1	0	0	0
brain_cancer_up_34	7.35334379919144	1.18282134630589	2.32307227520908
normal_up_100	0	0	0
normal_up_70	0	0	18.9632272578499
liver_cancer_up_31	6.09218927164587	6.95601099554231	0
liver_cancer_up_12	0	0	0
liver_cancer_up_59	0	12.9251219656765	8.47389732408387
brain_cancer_down_49	0	1.33273082541237	0
normal_down_56	1.56738254728878	1.46191779385939	14.5241581455381
liver_cancer_down_40	3.63400535873972	0.463333932113203	1.5256452220477
normal_down_12	0	1.66772652969801	0.38111971813261
liver_cancer_up_7	2.08261501291565	0	0
normal_down_86	1.76654643289107	0.089946554177796	0.0521049418888332
brain_cancer_up_32	0	17.2554235776203	14.7519140279165
normal_down_53	3.60056494569642	0.428435684238533	1.37194507234147
normal_up_106	3.56787564467618	7.58753716046747	0
normal_up_110	0	1.03928073376915	3.14927064554755
brain_cancer_down_36	3.29521652398775	3.68797118853283	0
normal_down_116	0	0	0
liver_cancer_up_53	0	7.47879059895978	5.90839411230691
normal_up_103	0	0	11.1508368988024
brain_cancer_up_22	7.98173636772708	0	16.915353416785
liver_cancer_down_74	0	0	1.11178942280452
normal_down_117	29.8948519901818	17.1992423886831	0.00382811269877838
normal_up_49	0	0	0
brain_cancer_up_36	1.08915252295302	0	0
liver_cancer_down_28	1.41693690720776	0	0.393276929665764
liver_cancer_down_31	7.96646530424985	3.72269747183469	0
liver_cancer_down_146	3.32417119792906	3.7899317750953	0
liver_cancer_down_185	1.21883152438666	1.62103975158333	0
normal_down_59	1.24135424879112	0	0
normal_up_59	0	0	0
brain_cancer_down_59	6.39903238641858	0	9.46210675761404
normal_up_27	0	0	0
brain_cancer_up_4	0	0	0
liver_cancer_up_63	0	0	0
liver_cancer_down_104	5.41977978623083	0	3.08194777009095
normal_up_9	0	0	0
liver_cancer_down_71	0	0.191554302162325	0
liver_cancer_up_71	3.23875218417448	11.1056407484488	2.85343412369921
liver_cancer_up_30	0	5.48149693286466	0.832997027647678
normal_up_71	3.20725468893821	0	5.50893939669503
liver_cancer_down_152	0	1.10784486714947	2.81857144756061
liver_cancer_down_109	8.8132644886782	6.59490768207997	0
brain_cancer_up_8	0	0	0
liver_cancer_down_47	1.86723292245421	1.48586919289968	0
brain_cancer_down_10	0	0	0
normal_down_27	0	0	0.032003853465225
normal_down_80	0	3.47322422011351	1.93716441933334
liver_cancer_down_77	0.0649231457116011	0.0168365008848177	0
normal_up_48	0	0	0
liver_cancer_down_167	3.03933415472524	0	0.754356311796932
brain_cancer_down_11	0	0.149318912388001	0.0561078041581714
normal_down_32	0.206892344648749	1.37245259246146	0
liver_cancer_down_132	0.56108529575854	0	0.949041271250581
liver_cancer_down_172	2.37827742536759	0.833638555678338	17.2528048173763
liver_cancer_down_126	0	0.0940403762581219	0.058671329491988
liver_cancer_down_155	8.28432878509014	3.87685572095899	0.575560593696596
liver_cancer_down_120	9.24207204104464e-05	5.22713948311774	2.36629969092621
brain_cancer_down_32	0	0	0
normal_down_102	0.0707466653914351	0	0.208576171069648
liver_cancer_down_58	0.0238983176343955	0.01523367258053	0
normal_down_52	0	3.35636198735965	1.15793392230106
liver_cancer_up_26	1.27091561326036	2.28659027229717	0
normal_down_55	0	0.484099591086162	0.803781781149634
brain_cancer_down_2	0	0	0
liver_cancer_down_108	0	0	0.0195566243654296
brain_cancer_up_40	0	0	0
normal_down_77	0	0	0
liver_cancer_down_34	0.368899401061237	0	2.05520127357788
liver_cancer_up_19	24.1848392231482	33.2264010749307	0
liver_cancer_down_178	0	0.911879914821309	1.01030422670971
liver_cancer_down_81	0.0624689771057927	2.56622429680491	0.659658979067542
liver_cancer_down_45	0.106717480682028	0	0
liver_cancer_down_72	1.3219211097519	0.877510988576999	0
liver_cancer_down_102	16.188260353539	7.58258893308282	0.856414001299605
brain_cancer_up_24	27.6617563421591	0	0
normal_up_26	0	0	3.54592989879599
normal_down_71	32.2842593430363	0	25.9695509957973
normal_down_74	1.59383297927252	4.77743774479219	0
normal_down_19	0	3.16875784754129	0
liver_cancer_down_131	5.90244323598075	2.38742903095735	0
liver_cancer_down_75	0	2.18727387827821	1.32099581934625
liver_cancer_down_56	7.3056264664422	0	13.4123903817285
liver_cancer_up_5	6.62716381226964	1.23520243277645	0
liver_cancer_down_138	1.62605873364902	0	2.04510317733586
liver_cancer_down_97	0	0	0
normal_up_75	0	0	0
normal_down_107	0.286834956204671	0	17.0088417014305
liver_cancer_down_154	0.108194639311821	1.18734558160718	2.45181107514949
liver_cancer_down_171	0.571447210780459	0	0
liver_cancer_down_181	0	0	1.15314374359631
normal_up_58	0	0	0
liver_cancer_down_68	0.664889464771007	0.266375637173504	0
normal_down_58	5.29658330786634	0	0
brain_cancer_up_9	0	14.8869115497979	0.142916938013529
normal_up_60	0	0	0
normal_down_47	6.44933409194677	2.99091813342814	0
brain_cancer_down_4	0	0.226559668374746	2.83812437786015
normal_up_83	3.95309252233127	0	2.67481153311006
normal_up_50	0	0	0
liver_cancer_down_52	7.38355367531456	5.50717561836272	0
normal_up_55	1.77215645173723	3.92583447089062	0
liver_cancer_down_140	3.90172476889034	0	2.36575600913415
brain_cancer_down_13	0	0	0
normal_up_74	0	0	0
normal_up_65	0	0	1.54610369110525
brain_cancer_down_54	0	0	0.334033705319031
liver_cancer_down_86	0	0	0
liver_cancer_up_57	0.135634340355674	0.0979531150086321	0.47513053662857
liver_cancer_up_13	0	24.7682909711878	12.5298315636257
liver_cancer_down_119	0	0.682257521161347	0
normal_down_5	0.134392396395463	0	0.189536589922645
