brain_cancer	liver_cancer	normal
liver_cancer_up_20	100	64.740259572962	0
brain_cancer_down_1	94.7502718581417	23.7677377994946	37.6012977106917
normal_down_112	82.4975064900828	0	65.4272904450559
brain_cancer_down_2	85.8100911929052	33.4327379207667	14.8635436327922
liver_cancer_up_7	23.3134546341893	78.8945964917388	21.102556511033
liver_cancer_down_42	10.7079705364512	45.7109559614723	91.2161658054473
liver_cancer_up_8	63.5336411333097	39.6431557738475	0
normal_down_31	34.5845989356666	0	65.7891517841123
liver_cancer_up_5	58.6065143750523	44.66986537378	0
liver_cancer_down_70	1.76621731680004	17.7154374684721	54.5841357861309
liver_cancer_down_29	28.3450887001287	52.3715301364567	0
normal_down_86	5.65267062958768	28.5634749711766	77.5808563812848
liver_cancer_up_16	15.1152636275557	60.7711312608655	7.87513524959122
liver_cancer_down_60	45.1277075523416	18.2656442300645	0
brain_cancer_up_7	0	57.0228005537233	23.5289067299566
liver_cancer_down_78	24.8491950994263	77.7611567381673	11.0589790918467
normal_down_87	44.7809214709528	0	36.5957527731658
liver_cancer_up_13	4.83111183414587	58.3741789917854	21.6228378499404
normal_up_2	41.1467658979217	0	34.278411336581
liver_cancer_down_54	44.4001167931663	21.9233339084962	0
liver_cancer_down_104	38.2500569082126	28.4553419547848	0
liver_cancer_down_80	0	34.6359153408797	62.9560102214641
normal_up_4	7.14224768380717	0	26.1920558794693
brain_cancer_up_8	38.0252149114902	0	20.3076095860889
normal_down_4	24.7138788404261	0	49.6732575716199
normal_down_34	33.5988880213399	0	51.1867923371797
liver_cancer_down_50	4.049953436761	57.7679871112491	7.46691747783845
normal_down_97	7.52988170595051	51.1406088271395	9.02439433579946
liver_cancer_down_77	19.2525831051175	0	32.1684236651879
normal_up_6	0	28.2248186640703	57.0342281442159
liver_cancer_down_87	11.5807887638333	37.4392743446918	0
liver_cancer_down_108	50.626831569349	26.5963019012698	0
liver_cancer_down_94	9.10703994423066	12.3935182681105	57.7671319227667
liver_cancer_down_85	0	24.0194335620334	30.155441987774
brain_cancer_up_18	49.1084344752476	0.405261823392073	14.1430187377744
liver_cancer_down_18	14.8421826921176	0	44.795056944364
liver_cancer_down_64	0	20.8791138079635	39.2359645766813
liver_cancer_up_4	9.60424347979399	43.4459057106419	0.366397276395267
normal_down_7	0	42.8509525173711	26.0809220400868
liver_cancer_down_22	0	45.6605861250795	13.1203747786116
normal_down_100	0	28.7717504281945	27.2110672935131
liver_cancer_down_90	6.27949452779826	49.2724002012613	2.83990341872781
liver_cancer_down_31	12.2005071299126	22.7392949928587	0
normal_down_15	2.15964760888461	46.3224812096627	11.3728666038149
liver_cancer_down_98	21.295846933464	0	53.5083769127713
liver_cancer_down_82	0	33.0054153744156	46.8296994483023
liver_cancer_up_3	0	28.1075520494885	37.8879391696632
normal_down_9	30.6600276326108	0	10.7895845824674
liver_cancer_up_18	22.4569572673081	48.5379970847	0
normal_up_1	38.0607985630858	0	34.1760409179099
normal_down_102	20.0017662770642	0	41.0352088315014
liver_cancer_down_88	44.5029168726644	26.13619062078	0
brain_cancer_up_3	44.706183985687	0	12.5143155923739
brain_cancer_up_13	33.4131816343692	0	16.4300096096672
liver_cancer_down_102	0	40.0620684747634	6.58068474048839
liver_cancer_down_107	7.20591473272416	0	16.620514027548
normal_down_67	0	27.583497943017	21.9677028331782
liver_cancer_down_7	0	0	28.9756916886412
normal_down_46	0.120256206280255	41.7106258759876	0.183375325190574
liver_cancer_down_43	15.4924638491356	48.7557331250218	0
liver_cancer_down_6	43.3475155391527	0	14.9298168229828
liver_cancer_down_74	0	45.9723996120077	23.4694218779574
normal_down_78	0	4.50522379351027	20.6940173407904
normal_down_43	34.8934644327951	0	24.3452485658839
normal_up_3	61.0361836901402	0	72.5245468183663
liver_cancer_down_93	0	28.7490095244672	38.4477020279821
normal_down_51	37.7116433338532	0	10.0010648705789
liver_cancer_up_15	25.1921420106839	20.6875955063463	0
normal_down_38	2.62988900304807	0	25.8998681139021
normal_down_80	0	25.199072894493	31.4685478657026
liver_cancer_down_61	0	40.8012379590676	21.4345091058987
liver_cancer_up_14	62.672379766346	39.6398879319329	0
liver_cancer_down_91	0	29.3755937248964	37.1414921953712
brain_cancer_up_20	30.3708032466644	1.21695753165694	0.394037760567666
liver_cancer_up_19	36.2917732894116	0	5.58056639639107
liver_cancer_down_4	0	26.9424754264375	5.49320056158331
normal_down_119	0	40.2992752974688	37.9434678294321
normal_down_83	0	42.5553750607121	14.1775225702082
normal_down_6	6.56252957891972	0	13.2024826873876
liver_cancer_up_21	28.3182115307499	0	3.18359418956647
liver_cancer_down_71	4.03947810960319	4.30568374184551	44.8220627423093
liver_cancer_up_6	44.186586912763	0	8.28807708579166
liver_cancer_down_86	15.5758722370621	32.6435295143885	0
liver_cancer_up_1	25.5227859064327	0	1.48456368411509
normal_down_47	36.162865956304	0	11.32930556082
normal_down_111	0	24.8496503922619	17.3142412397247
liver_cancer_up_17	0	42.9663633454998	19.4145141401257
normal_down_74	29.7045538882698	0	6.30458088887008
liver_cancer_down_35	16.5530949198685	24.4722844448147	0
liver_cancer_down_109	18.3612961741385	14.0770025138748	0
normal_down_69	0	10.5183626911412	10.0744795570606
normal_down_2	0.182593679026109	0	27.4366470261135
normal_up_5	0	3.35467498750238	27.4702071623314
normal_down_110	22.0990587852565	0	44.5726738506234
normal_down_73	0	15.3395459680416	18.556770286875
normal_down_109	0	32.9970320270984	5.40690776317094
liver_cancer_down_12	16.4270736740023	8.79446385115257	0
liver_cancer_down_58	0	0	15.44646308188
normal_down_5	14.0569468116893	0	25.9815613676504
liver_cancer_down_73	0	27.0784531056248	3.85297674706721
normal_down_105	0	0	23.7155441141187
normal_down_12	26.1850869557298	0	6.79643130947757
liver_cancer_down_52	13.4826454211395	17.9034604781101	0
liver_cancer_down_75	51.2746957439198	12.9209922108932	0
brain_cancer_up_10	25.8109970145444	0	14.9115759817377
liver_cancer_down_48	29.9012511075786	14.142898263084	0
liver_cancer_up_9	1.3548528142024	23.7616128090015	0
normal_down_106	0.283208836660585	0.2013654507827	41.1664240707148
normal_down_49	24.4535221443433	0	12.4091047100195
brain_cancer_up_5	26.9775406282792	0	33.8217648387059
normal_down_114	27.3765358123815	0	22.8554733515242
normal_down_57	3.72442112561688	0	5.67569573750395
liver_cancer_down_56	0	12.1515317340426	14.2740243730566
normal_down_79	0	24.0171476669474	28.1766241044394
liver_cancer_down_105	18.0763718242085	32.8596982799385	0
brain_cancer_up_17	29.3451514002941	0	16.3266262884398
liver_cancer_down_1	0	12.441656595023	4.83108644208269
liver_cancer_up_2	30.1043006182299	24.6002033381788	0
liver_cancer_down_51	0	28.8923206677586	27.3536751285021
liver_cancer_down_101	8.1843970302257	40.6142406040953	0
normal_down_89	0	5.8179136604107	22.0886093131741
normal_down_64	0	0	21.2670276251178
liver_cancer_down_10	1.22200707123914	28.3614024517968	0
normal_down_84	0	0	0
normal_down_3	22.2875179911793	0	10.1247794254194
normal_down_81	18.0150957073403	0	4.72347991124613
normal_down_23	29.5359178721623	0	6.53311317600718
liver_cancer_down_32	0	0	0
normal_down_11	0	0	19.3264849470264
brain_cancer_up_6	10.6398288495935	0	4.18890855387868
liver_cancer_down_13	0.722719055405274	13.4394863919048	0
normal_down_63	11.0726571612769	16.3943265850607	0
normal_down_118	0	9.17754896660594	16.972838625757
normal_down_58	0	13.6950175625871	13.1824666670422
normal_down_82	15.0076400479629	0	0
liver_cancer_down_79	13.6553157105473	0	0
normal_down_117	19.0658644438327	0	37.26316432934
normal_down_54	0	18.7896775885099	20.4848267565452
normal_down_36	0	28.1416363554136	18.7219498167963
brain_cancer_up_12	11.6804793409988	0	0
liver_cancer_down_92	0	11.1855743755793	0
normal_down_92	11.5663105253855	0	14.6897499317953
liver_cancer_down_62	0.594102300362931	0	35.5173085509754
normal_down_16	4.45390668866138	0	30.6272960103463
liver_cancer_down_26	13.5732621221352	0	0
normal_down_1	2.85338078894735	0	0
brain_cancer_up_14	9.03619853237044	1.64743623858549	0
normal_down_60	0	3.55421327010738	24.5820618366191
normal_down_20	0	0	22.1981697717029
normal_down_44	4.34409021850323	0	21.1246715930097
normal_down_25	21.5517573843235	0	5.52551997561409
normal_down_99	0	0	26.9910633935375
normal_down_19	0	0	20.6671461237171
liver_cancer_down_57	5.63864382522492	15.1124264914125	0
normal_down_90	0	0	0
liver_cancer_down_81	0	8.9442392253716	7.34796655535552
normal_down_108	0	5.19779516367128	20.2372297286101
normal_down_13	25.0050200863745	0	11.0696840813202
liver_cancer_down_30	0.906734615545338	20.6935547644186	0
normal_down_120	6.23972896612776	21.8416340982239	0
liver_cancer_down_27	0	4.80925381169783	15.2896216531615
liver_cancer_down_34	0	1.42976105422808	0
normal_down_71	0	0	3.69872731686779
normal_down_103	2.50266449632693	0	4.9935078831926
liver_cancer_down_44	0	0	0
normal_down_70	27.5701029546354	0	0
normal_down_41	0	0	0
normal_down_56	0	0	0
brain_cancer_up_19	0	0	0
normal_down_32	0	1.33466423744716	0
liver_cancer_down_9	0	0	22.2600271752206
brain_cancer_up_15	7.98479141099149	0	3.69667425132134
normal_down_17	23.6311706165937	0	13.8793493544578
liver_cancer_down_103	1.51782018910508	0	15.4690386264156
liver_cancer_down_53	7.55019337059036	0	0
normal_down_35	0	0	0
liver_cancer_down_37	0	0	0
normal_down_98	9.23578258489517	0	6.61732467027625
liver_cancer_down_45	0	18.2923041405525	0.75876369364962
normal_down_122	1.96283033511817	8.21439333556144	0
brain_cancer_up_11	13.173366624185	0	0
liver_cancer_up_10	27.9746012999818	0	5.72902294506222
brain_cancer_up_9	0	0	0
normal_down_66	0	0	0
liver_cancer_down_68	0	9.73278358151694	0
normal_down_40	0	3.44096477165928	0
normal_down_26	5.06440771395762	10.5531684489934	0
normal_down_65	0	9.27476781447942	3.86546793015949
normal_down_10	0	17.7100920068837	4.12133077169141
normal_down_72	0	0	0
normal_down_95	29.1447165379564	0	7.63575321238435
liver_cancer_down_38	0	0.758616471867848	0
liver_cancer_down_69	0	0	0
normal_down_50	3.87528648132194	0	0
normal_down_24	9.38815163167392	0	0
normal_down_27	0	0	0
normal_down_121	0	0	19.7627787034536
normal_down_21	0	11.9692074985247	17.0210607463873
liver_cancer_down_59	0	0	4.44853878044751
normal_down_30	15.2488461086222	0	0
