loss	auc	accuracy	val_loss	val_auc	val_accuracy
77.6829452514648	0.488884389400482	0.30601093173027	54.095329284668	0.149999991059303	0
38.6363525390625	0.540244519710541	0.377049177885056	25.9717597961426	0.435000002384186	0.300000011920929
28.0660190582275	0.640859663486481	0.469945341348648	24.9051914215088	0.554999947547913	0.300000011920929
27.5255661010742	0.671750366687775	0.502732217311859	24.9147243499756	0.479999989271164	0.200000002980232
22.6664428710938	0.710949838161469	0.551912546157837	33.4477386474609	0.384999990463257	0.100000001490116
29.0306129455566	0.658305704593658	0.497267752885818	30.6488609313965	0.445000022649765	0.100000001490116
32.8548355102539	0.601025760173798	0.453551918268204	14.7905530929565	1	1
23.7020492553711	0.739481627941132	0.573770463466644	23.477445602417	0.60999995470047	0.300000011920929
27.2413425445557	0.61555290222168	0.437158465385437	14.5312223434448	1	1
18.9143333435059	0.810482621192932	0.655737698078156	16.7746543884277	0.872500002384186	0.699999988079071
20.0023250579834	0.762295186519623	0.612021863460541	14.4916896820068	1	1
18.5124588012695	0.801957368850708	0.655737698078156	14.1338024139404	1	1
17.3669490814209	0.85966283082962	0.732240438461304	13.9916324615479	1	1
21.4019756317139	0.772051990032196	0.601092875003815	22.0372123718262	0.665000021457672	0.300000011920929
24.2065277099609	0.695347726345062	0.519125699996948	36.8516387939453	0.349999994039536	0.100000001490116
22.4703330993652	0.70582127571106	0.562841534614563	16.8076057434082	0.817499995231628	0.5
18.1196479797363	0.827435910701752	0.688524603843689	19.2150249481201	0.637499988079071	0.5
19.3450222015381	0.794253408908844	0.617486357688904	13.4388656616211	1	1
15.4781484603882	0.909783899784088	0.775956273078918	13.5642833709717	0.995000004768372	0.899999976158142
16.58664894104	0.870793581008911	0.765027344226837	13.1699542999268	1	1
16.2208766937256	0.873182237148285	0.721311450004578	13.0401477813721	1	1
17.1795711517334	0.844172716140747	0.693989098072052	16.2621421813965	0.829999983310699	0.5
17.9364280700684	0.814341962337494	0.650273203849792	13.1451902389526	0.995000004768372	0.899999976158142
16.8827896118164	0.818933069705963	0.666666686534882	13.1613998413086	0.995000064373016	0.899999976158142
15.6639823913574	0.869643807411194	0.715847015380859	12.6443328857422	1	1
22.5626735687256	0.765288591384888	0.595628440380096	12.6909742355347	1	1
14.5677938461304	0.918368697166443	0.792349755764008	30.0895195007324	0.375	0
18.1700897216797	0.816521883010864	0.661202192306519	21.1938533782959	0.549999952316284	0.200000002980232
18.9269351959229	0.78389185667038	0.633879780769348	13.6943941116333	0.950000047683716	0.899999976158142
14.6027431488037	0.905222654342651	0.786885261535645	12.3640823364258	1	1
13.4981966018677	0.950065672397614	0.814207673072815	12.7231292724609	0.980000138282776	0.800000011920929
14.8687772750854	0.886627018451691	0.775956273078918	15.3121948242188	0.829999983310699	0.5
14.745171546936	0.890717923641205	0.786885261535645	12.5658254623413	0.985000014305115	0.899999976158142
15.3147716522217	0.879019975662231	0.737704932689667	11.8720407485962	1	1
18.7431583404541	0.838163256645203	0.732240438461304	38.9921875	0.300000011920929	0
21.8021545410156	0.773246467113495	0.6721311211586	11.6861305236816	1	1
12.7659893035889	0.959762871265411	0.85792350769043	11.796932220459	0.995000004768372	0.899999976158142
14.2420806884766	0.891150772571564	0.754098355770111	11.4771995544434	1	1
13.3786344528198	0.922019064426422	0.814207673072815	11.3873891830444	1	1
13.1396589279175	0.931783676147461	0.808743178844452	11.3078107833862	1	1
12.4851036071777	0.95664244890213	0.830601096153259	11.2007904052734	1	1
18.7471351623535	0.831608831882477	0.715847015380859	11.1460266113281	1	1
13.6016263961792	0.893614292144775	0.732240438461304	11.2608366012573	0.995000004768372	0.899999976158142
16.0317687988281	0.898951828479767	0.781420767307281	15.6700077056885	0.774999976158142	0.400000005960464
15.3475971221924	0.842926025390625	0.710382521152496	11.1365270614624	1	1
12.4426612854004	0.939599514007568	0.825136601924896	11.2449731826782	1	1
13.2743215560913	0.903109908103943	0.792349755764008	10.7905797958374	1	1
16.042106628418	0.853287577629089	0.721311450004578	10.7401676177979	1	1
13.1368818283081	0.910261571407318	0.770491778850555	10.6501665115356	1	1
11.791558265686	0.954499959945679	0.85792350769043	10.6007490158081	1	1
11.6436719894409	0.962144315242767	0.830601096153259	10.4721393585205	1	1
15.3635349273682	0.812057673931122	0.650273203849792	10.7298460006714	1	1
12.9043731689453	0.923146367073059	0.808743178844452	10.3617296218872	1	1
13.6812963485718	0.868904769420624	0.748633861541748	10.302978515625	1	1
16.3605060577393	0.834281384944916	0.710382521152496	16.3685398101807	0.642499983310699	0.5
15.1661329269409	0.841388285160065	0.693989098072052	10.4110298156738	1	1
11.2322883605957	0.965623021125793	0.863388001918793	10.1693706512451	1	1
12.0688419342041	0.932925701141357	0.836065590381622	10.1315307617188	1	1
10.8519420623779	0.979060292243958	0.896174848079681	10.035813331604	1	1
11.5379085540771	0.939689159393311	0.786885261535645	10.0030269622803	1	1
11.0460796356201	0.96001672744751	0.852459013462067	11.8742265701294	0.860000014305115	0.600000023841858
14.5498523712158	0.867195129394531	0.748633861541748	9.86126327514648	1	1
11.1924324035645	0.948565244674683	0.846994519233704	11.4400720596313	0.899999976158142	0.800000011920929
13.1083726882935	0.850525438785553	0.6721311211586	9.73079204559326	1	1
12.0837831497192	0.908567070960999	0.803278684616089	9.66434288024902	1	1
10.5366468429565	0.971266686916351	0.890710353851318	9.6088285446167	1	1
11.4673843383789	0.922847747802734	0.803278684616089	9.5338077545166	1	1
16.2591381072998	0.794007003307343	0.633879780769348	10.060694694519	0.98499995470047	0.899999976158142
10.4721584320068	0.967459499835968	0.825136601924896	11.233603477478	0.899999976158142	0.800000011920929
11.4117584228516	0.943466424942017	0.85792350769043	9.40002727508545	1	1
11.0925102233887	0.935083150863647	0.846994519233704	9.33833312988281	1	1
13.8148040771484	0.833407938480377	0.693989098072052	10.7459716796875	0.940000057220459	0.800000011920929
14.1889019012451	0.809564411640167	0.677595615386963	9.28124523162842	1	1
10.1357126235962	0.977783679962158	0.912568330764771	9.23085403442383	1	1
10.1065282821655	0.970818758010864	0.890710353851318	9.17585372924805	1	1
10.8559217453003	0.936322391033173	0.836065590381622	9.12386703491211	1	1
11.0113048553467	0.918794214725494	0.803278684616089	9.12091732025146	1	1
10.1468849182129	0.961905419826508	0.852459013462067	10.1312503814697	0.929999947547913	0.800000011920929
10.3293943405151	0.947826206684113	0.846994519233704	8.95188331604004	1	1
11.7522811889648	0.875377058982849	0.715847015380859	9.79975986480713	0.959999978542328	0.800000011920929
12.5276670455933	0.875444233417511	0.754098355770111	8.87012767791748	1	1
10.2787179946899	0.941644966602325	0.819672107696533	8.77917575836182	1	1
10.1700429916382	0.945840358734131	0.836065590381622	8.76125335693359	1	1
13.3071632385254	0.849405705928802	0.737704932689667	8.70949745178223	1	1
10.1580924987793	0.946213603019714	0.836065590381622	9.09944248199463	0.995000004768372	0.899999976158142
9.66280555725098	0.967504262924194	0.846994519233704	8.66634559631348	1	1
10.0006685256958	0.947243809700012	0.841530025005341	8.54920482635498	1	1
14.1720962524414	0.852802455425262	0.748633861541748	8.75935173034668	0.995000004768372	0.899999976158142
9.88685131072998	0.944825112819672	0.841530025005341	10.437460899353	0.884999990463257	0.699999988079071
10.1611452102661	0.930469751358032	0.770491778850555	8.45301342010498	1	1
9.79341888427734	0.945325434207916	0.808743178844452	8.39457511901855	1	1
9.12444400787354	0.980926632881165	0.890710353851318	8.32600212097168	1	1
11.0785331726074	0.879654467105865	0.726775944232941	8.39994812011719	1	1
11.5071878433228	0.912978947162628	0.786885261535645	12.1386909484863	0.652500033378601	0.5
11.9698371887207	0.891038835048676	0.74316942691803	8.72561645507812	0.995000004768372	0.899999976158142
10.1703300476074	0.943802416324615	0.841530025005341	8.2328577041626	1	1
10.028281211853	0.939271152019501	0.846994519233704	8.18938827514648	1	1
9.19753646850586	0.963263988494873	0.852459013462067	8.17574214935303	1	1
9.20098876953125	0.961778581142426	0.890710353851318	9.29821586608887	0.930000066757202	0.800000011920929
10.5012044906616	0.891262829303741	0.748633861541748	8.92573642730713	0.969999969005585	0.800000011920929
11.9803886413574	0.856131851673126	0.688524603843689	8.02005481719971	1	1
9.08706569671631	0.970467865467072	0.85792350769043	7.985520362854	1	1
8.5545129776001	0.987891554832458	0.896174848079681	7.92541027069092	1	1
10.1466913223267	0.910940945148468	0.759562849998474	7.88388729095459	1	1
9.74846935272217	0.928498804569244	0.808743178844452	7.85033273696899	1	1
9.5046501159668	0.935553431510925	0.836065590381622	7.80679988861084	1	1
8.45777797698975	0.984427690505981	0.879781424999237	7.78530502319336	1	1
8.6994571685791	0.967743158340454	0.8852459192276	7.7025785446167	1	1
10.6442890167236	0.87935596704483	0.69945353269577	7.6477952003479	1	1
10.080605506897	0.92095160484314	0.792349755764008	7.61781167984009	1	1
8.54550933837891	0.971938610076904	0.863388001918793	8.05153942108154	0.985000014305115	0.899999976158142
10.5736389160156	0.920242428779602	0.819672107696533	7.5233793258667	1	1
8.92705345153809	0.944563865661621	0.814207673072815	7.47891902923584	1	1
8.79477787017822	0.95161098241806	0.830601096153259	7.43685674667358	1	1
8.96872520446777	0.942436337471008	0.825136601924896	7.46820211410522	1	1
9.39393711090088	0.941421091556549	0.846994519233704	7.32554483413696	1	1
8.76033496856689	0.946885466575623	0.814207673072815	9.20490074157715	0.849999964237213	0.600000023841858
10.8756761550903	0.898981809616089	0.770491778850555	7.26169300079346	1	1
10.844690322876	0.892531931400299	0.759562849998474	7.24942493438721	1	1
7.87629556655884	0.986771821975708	0.912568330764771	7.21471261978149	1	1
7.81735563278198	0.987488508224487	0.912568330764771	7.16673755645752	1	1
7.86741971969604	0.982292592525482	0.874316930770874	7.11300563812256	1	1
8.38033390045166	0.949886500835419	0.868852436542511	7.08402395248413	1	1
9.91626834869385	0.877213418483734	0.721311450004578	7.04476642608643	1	1
8.87081623077393	0.940204262733459	0.808743178844452	7.03112936019897	1	1
7.71192598342896	0.982479214668274	0.901639342308044	6.97921085357666	1	1
8.06989765167236	0.960942327976227	0.852459013462067	6.94162082672119	1	1
7.57022666931152	0.984562039375305	0.918032765388489	6.89051723480225	1	1
7.78605699539185	0.971811652183533	0.8852459192276	6.84416103363037	1	1
9.1428747177124	0.910410940647125	0.803278684616089	6.82012319564819	1	1
7.85134172439575	0.963062524795532	0.874316930770874	6.79508495330811	1	1
7.43115854263306	0.984942853450775	0.923497259616852	6.73526763916016	1	1
7.72603797912598	0.968795716762543	0.846994519233704	6.68681478500366	1	1
9.1569938659668	0.891076147556305	0.765027344226837	6.7019739151001	1	1
8.36861133575439	0.93579238653183	0.797814190387726	6.62383270263672	1	1
7.31376791000366	0.981822490692139	0.912568330764771	6.68696451187134	1	1
8.10398578643799	0.949080288410187	0.846994519233704	11.5939474105835	0.654999971389771	0.300000011920929
11.1720266342163	0.864746689796448	0.748633861541748	6.5292387008667	1	1
9.26095771789551	0.908089339733124	0.781420767307281	6.51636219024658	1	1
7.60063886642456	0.963420748710632	0.852459013462067	6.48742818832397	1	1
7.05838012695312	0.988526105880737	0.912568330764771	6.44927072525024	1	1
7.21673345565796	0.979732155799866	0.890710353851318	6.41870212554932	1	1
6.97815084457397	0.989033639431	0.918032765388489	6.37923431396484	1	1
11.3418960571289	0.801001846790314	0.633879780769348	6.37168645858765	1	1
7.33128929138184	0.969855785369873	0.874316930770874	6.34328174591064	1	1
6.9608416557312	0.986682236194611	0.918032765388489	6.30675363540649	1	1
7.71529817581177	0.944295108318329	0.830601096153259	6.28060388565063	1	1
6.87036848068237	0.988302111625671	0.901639342308044	6.23767185211182	1	1
7.82111549377441	0.94611656665802	0.836065590381622	6.20375156402588	1	1
6.85620260238647	0.985002517700195	0.896174848079681	8.16745281219482	0.879999995231628	0.600000023841858
13.6394548416138	0.80226343870163	0.639344274997711	6.16127681732178	1	1
6.94611883163452	0.9777911901474	0.8852459192276	6.14106941223145	1	1
6.91312313079834	0.978545188903809	0.879781424999237	6.11337757110596	1	1
6.65659332275391	0.990265429019928	0.923497259616852	6.08271837234497	1	1
6.62255716323853	0.990825295448303	0.918032765388489	6.03540229797363	1	1
7.29536533355713	0.950909197330475	0.836065590381622	6.00331783294678	1	1
8.92994594573975	0.908410131931305	0.819672107696533	6.22887706756592	1	1
6.86378240585327	0.968713521957397	0.879781424999237	5.965744972229	1	1
6.77526569366455	0.973834574222565	0.874316930770874	5.90342712402344	1	1
8.40436267852783	0.898944497108459	0.775956273078918	5.87560558319092	1	1
6.63441228866577	0.980172574520111	0.907103836536407	5.84124660491943	1	1
6.36172723770142	0.992064595222473	0.918032765388489	5.79588890075684	1	1
8.59249591827393	0.877713620662689	0.721311450004578	5.81326389312744	1	1
6.7838339805603	0.966496467590332	0.879781424999237	5.74270677566528	1	1
6.32911682128906	0.988249897956848	0.918032765388489	5.70175218582153	1	1
7.99607992172241	0.896854162216187	0.797814190387726	5.6706862449646	1	1
6.42355442047119	0.979903817176819	0.879781424999237	5.63172912597656	1	1
8.19486618041992	0.900049269199371	0.765027344226837	5.63628387451172	1	1
7.96260166168213	0.93403822183609	0.808743178844452	5.61012840270996	1	1
6.51371908187866	0.978358626365662	0.896174848079681	5.57389450073242	1	1
6.42926454544067	0.973446547985077	0.8852459192276	5.54650115966797	1	1
6.66271924972534	0.96343582868576	0.868852436542511	5.52059650421143	1	1
7.09712076187134	0.932865977287292	0.781420767307281	5.56686782836914	1	1
6.35423469543457	0.975163400173187	0.923497259616852	5.48089456558228	1	1
8.33832168579102	0.864000201225281	0.688524603843689	5.45498657226562	1	1
6.50963878631592	0.969497442245483	0.85792350769043	5.43282747268677	1	1
6.22118520736694	0.976201236248016	0.901639342308044	5.39703273773193	1	1
6.63623857498169	0.951946914196014	0.852459013462067	5.3699517250061	1	1
5.93098211288452	0.990959763526917	0.928961753845215	5.33159208297729	1	1
6.23564100265503	0.971826553344727	0.8852459192276	5.29605674743652	1	1
8.32138061523438	0.90130341053009	0.792349755764008	5.39463186264038	1	1
7.00737142562866	0.925557672977448	0.781420767307281	5.70013427734375	0.995000004768372	0.899999976158142
6.71539545059204	0.947684228420258	0.85792350769043	5.223717212677	1	1
6.1177396774292	0.972043037414551	0.874316930770874	5.22620344161987	1	1
5.91153955459595	0.982016563415527	0.890710353851318	5.1633186340332	1	1
6.11130619049072	0.966981709003448	0.896174848079681	5.16942596435547	1	1
5.86543798446655	0.979911267757416	0.879781424999237	13.3318614959717	0.479999989271164	0.100000001490116
8.4069242477417	0.869531750679016	0.715847015380859	5.09240913391113	1	1
6.74597787857056	0.936628460884094	0.808743178844452	5.07326555252075	1	1
5.8196439743042	0.979732096195221	0.890710353851318	5.0476861000061	1	1
5.6784405708313	0.988451361656189	0.907103836536407	5.01430797576904	1	1
5.94150829315186	0.970147013664246	0.874316930770874	4.98677968978882	1	1
5.6277289390564	0.986950933933258	0.912568330764771	4.95650434494019	1	1
5.78169536590576	0.980015873908997	0.874316930770874	4.95730495452881	1	1
10.3782806396484	0.814371943473816	0.6721311211586	4.97442245483398	1	1
5.87258911132812	0.970169425010681	0.863388001918793	4.91056394577026	1	1
7.62661981582642	0.908746123313904	0.830601096153259	4.89846324920654	1	1
5.46053409576416	0.991034388542175	0.918032765388489	4.878005027771	1	1
5.42891550064087	0.991146326065063	0.912568330764771	4.85416507720947	1	1
5.6854419708252	0.977836012840271	0.8852459192276	4.90085935592651	1	1
5.50460338592529	0.984360575675964	0.890710353851318	4.78247117996216	1	1
6.69736814498901	0.917443037033081	0.759562849998474	4.77374172210693	1	1
5.60798740386963	0.979426085948944	0.907103836536407	4.81509876251221	1	1
5.86085367202759	0.96548867225647	0.868852436542511	4.78364658355713	1	1
5.59386205673218	0.977716624736786	0.896174848079681	4.70226526260376	1	1
6.06342458724976	0.941137313842773	0.841530025005341	4.68828868865967	1	1
5.21792840957642	0.991915166378021	0.939890682697296	4.6389856338501	1	1
5.93522596359253	0.944690823554993	0.874316930770874	6.30915355682373	0.824999988079071	0.5
6.32081747055054	0.928162932395935	0.819672107696533	5.22769546508789	1	1
5.93852949142456	0.945168554782867	0.797814190387726	4.5595760345459	1	1
6.86535120010376	0.924855947494507	0.830601096153259	4.55299472808838	1	1
6.13099002838135	0.935881912708282	0.803278684616089	4.53334045410156	1	1
6.33947467803955	0.927080512046814	0.846994519233704	4.5699520111084	1	1
5.14502000808716	0.988391697406769	0.912568330764771	4.48423910140991	1	1
6.20462131500244	0.933978319168091	0.819672107696533	4.4836630821228	1	1
5.48787689208984	0.966055989265442	0.846994519233704	4.46240568161011	1	1
7.41598701477051	0.870778441429138	0.74316942691803	4.47138404846191	1	1
5.04517555236816	0.988959074020386	0.912568330764771	4.4284200668335	1	1
5.16106843948364	0.97979199886322	0.890710353851318	4.39409589767456	1	1
5.37077951431274	0.965055704116821	0.896174848079681	4.36464786529541	1	1
6.40426397323608	0.920623123645782	0.803278684616089	4.37475156784058	1	1
5.01224708557129	0.987525820732117	0.912568330764771	4.32345771789551	1	1
6.8184175491333	0.915166258811951	0.819672107696533	4.3471508026123	1	1
5.02097320556641	0.98234498500824	0.896174848079681	4.49431991577148	1	1
4.94332933425903	0.986062586307526	0.901639342308044	4.36716175079346	1.00000011920929	1
5.09322786331177	0.97547709941864	0.8852459192276	4.39914178848267	0.999999940395355	1
5.57829332351685	0.948266565799713	0.819672107696533	4.27294445037842	1	1
5.79619216918945	0.933567702770233	0.808743178844452	4.19873952865601	1	1
5.90104579925537	0.940129578113556	0.825136601924896	4.21694087982178	1	1
5.28116273880005	0.962166607379913	0.863388001918793	4.17118787765503	1	1
4.96136379241943	0.976947605609894	0.907103836536407	4.15893936157227	1	1
4.94468021392822	0.976925253868103	0.890710353851318	4.12779808044434	1	1
4.69141578674316	0.990190804004669	0.928961753845215	4.09105825424194	1	1
6.28839588165283	0.89385324716568	0.732240438461304	4.08640956878662	1	1
4.63370752334595	0.991653978824615	0.928961753845215	4.05820465087891	1	1
4.91150379180908	0.974409520626068	0.874316930770874	4.09449052810669	1	1
5.03859853744507	0.96619039773941	0.863388001918793	4.02106618881226	1	1
5.0683741569519	0.95897901058197	0.841530025005341	4.0370135307312	1	1
5.90047121047974	0.930156111717224	0.841530025005341	3.96256256103516	1	1
4.84725046157837	0.973035931587219	0.868852436542511	3.94227838516235	1	1
4.99859285354614	0.963144600391388	0.863388001918793	3.91890096664429	1	1
4.73163223266602	0.977141797542572	0.868852436542511	3.93747639656067	1	1
5.80685806274414	0.920145511627197	0.786885261535645	3.89343643188477	1	1
5.19044876098633	0.952581465244293	0.836065590381622	3.91396903991699	1	1
4.93672370910645	0.967720746994019	0.890710353851318	3.87588548660278	1	1
4.7390661239624	0.973334550857544	0.85792350769043	3.87511706352234	1	1
4.99615097045898	0.955985546112061	0.841530025005341	3.83802914619446	1	1
4.56698417663574	0.980710089206696	0.890710353851318	3.832515001297	1	1
4.65982866287231	0.974611043930054	0.901639342308044	3.79484224319458	1	1
4.4487419128418	0.987660109996796	0.912568330764771	3.76826047897339	1	1
4.8640251159668	0.968519449234009	0.868852436542511	3.75571513175964	1	1
6.18756055831909	0.908328115940094	0.830601096153259	3.74650073051453	1	1
4.95635175704956	0.950409054756165	0.8852459192276	3.72336626052856	1	1
4.42671298980713	0.982755541801453	0.901639342308044	3.6981406211853	1	1
4.27896070480347	0.991698741912842	0.923497259616852	3.67157673835754	1	1
4.51481628417969	0.973177790641785	0.890710353851318	3.64402961730957	1	1
4.23116588592529	0.989966869354248	0.912568330764771	3.80941843986511	1	1
6.524001121521	0.889284551143646	0.770491778850555	3.60538172721863	1	1
4.44180202484131	0.977477669715881	0.868852436542511	3.64078330993652	1	1
4.37970638275146	0.977626979351044	0.879781424999237	3.57252502441406	1	1
5.55060005187988	0.919070363044739	0.786885261535645	3.60124206542969	1	1
4.46205568313599	0.974566221237183	0.874316930770874	3.55454015731812	1	1
5.00801801681519	0.954156577587128	0.846994519233704	3.53937721252441	1	1
4.25293684005737	0.984427809715271	0.907103836536407	3.54638981819153	1	1
4.30028581619263	0.976641476154327	0.923497259616852	3.50346446037292	1	1
4.29691553115845	0.979187190532684	0.890710353851318	3.48147010803223	1	1
6.16259717941284	0.888582766056061	0.748633861541748	3.54094004631042	1	1
4.24817419052124	0.978074848651886	0.912568330764771	3.45587110519409	1	1
4.07855939865112	0.987742185592651	0.928961753845215	3.43362855911255	1	1
3.99649357795715	0.993669509887695	0.928961753845215	3.53591108322144	1	1
5.09719276428223	0.925251603126526	0.803278684616089	3.40334057807922	1	1
4.24652147293091	0.97447669506073	0.874316930770874	3.38131761550903	1	1
4.57966804504395	0.953417599201202	0.868852436542511	3.35973286628723	1	1
5.77951240539551	0.897451460361481	0.759562849998474	3.43231916427612	1	1
4.38574266433716	0.969392895698547	0.85792350769043	3.34822225570679	1	1
4.33433151245117	0.968847990036011	0.879781424999237	3.33732295036316	1	1
3.89000606536865	0.991892874240875	0.939890682697296	3.31989979743958	1	1
3.84215474128723	0.994199633598328	0.934426248073578	3.30825042724609	1	1
4.29349136352539	0.963428378105164	0.874316930770874	3.30649375915527	1	1
4.28035736083984	0.967302680015564	0.841530025005341	3.2769820690155	1	1
4.68724584579468	0.940756678581238	0.775956273078918	3.26047945022583	1	1
3.89313936233521	0.988317012786865	0.901639342308044	3.51750230789185	1	1
4.98093748092651	0.941727161407471	0.863388001918793	3.2305736541748	1	1
3.79909896850586	0.991415083408356	0.928961753845215	3.21132850646973	1	1
3.89297080039978	0.985756456851959	0.896174848079681	3.18880224227905	1	1
4.01122713088989	0.980545818805695	0.890710353851318	3.17248773574829	1	1
4.8477725982666	0.939972817897797	0.808743178844452	3.35973024368286	1	1
4.58988094329834	0.945885241031647	0.863388001918793	3.15430879592896	1	1
3.79237341880798	0.989100873470306	0.928961753845215	3.1469578742981	1	1
4.47465085983276	0.952805399894714	0.846994519233704	3.1426956653595	1	1
3.75661993026733	0.98979514837265	0.923497259616852	3.18120765686035	1	1
4.74949359893799	0.938375234603882	0.836065590381622	3.13602161407471	1	1
4.17921876907349	0.962450385093689	0.8852459192276	3.11056423187256	1	1
3.80798363685608	0.98322582244873	0.907103836536407	3.08071541786194	1	1
4.73557233810425	0.933433413505554	0.797814190387726	3.07447934150696	1	1
4.22410774230957	0.952760577201843	0.852459013462067	3.17402362823486	1	1
4.19608211517334	0.955798983573914	0.868852436542511	3.03445768356323	1	1
3.92736887931824	0.973864495754242	0.874316930770874	3.01893067359924	1	1
3.6104040145874	0.990377426147461	0.928961753845215	2.99744558334351	1	1
3.60736489295959	0.989459276199341	0.928961753845215	3.24152326583862	1	1
3.81400322914124	0.97631311416626	0.8852459192276	2.95756244659424	1	1
4.01612377166748	0.965107917785645	0.830601096153259	2.93572235107422	1	1
3.70878458023071	0.980127811431885	0.918032765388489	2.9251720905304	1	1
4.73256397247314	0.923616707324982	0.781420767307281	2.91569876670837	1	1
4.14278316497803	0.951610922813416	0.836065590381622	2.93041729927063	1	1
3.6098484992981	0.981023550033569	0.918032765388489	2.88519477844238	1	1
3.57927989959717	0.983890295028687	0.907103836536407	2.89563918113708	1	1
4.10069227218628	0.95005077123642	0.868852436542511	2.85859394073486	1	1
4.37066316604614	0.936927020549774	0.808743178844452	2.84014081954956	1	1
3.44995522499084	0.989660739898682	0.901639342308044	2.8182897567749	1	1
3.43453788757324	0.989623427391052	0.928961753845215	2.84435820579529	1	1
5.23389530181885	0.885947704315186	0.748633861541748	2.80376529693604	1	1
3.73070478439331	0.970191717147827	0.852459013462067	2.78052568435669	1	1
3.31121230125427	0.993803977966309	0.939890682697296	2.76686644554138	1	1
3.72423124313354	0.97072172164917	0.8852459192276	2.7485556602478	1	1
3.78894305229187	0.96137535572052	0.863388001918793	2.76149702072144	1	1
3.34922742843628	0.989115834236145	0.928961753845215	2.71712303161621	1	1
3.59714555740356	0.970258951187134	0.896174848079681	4.48775625228882	0.845000028610229	0.5
4.18782997131348	0.93762880563736	0.814207673072815	2.69015789031982	1	1
4.08308982849121	0.947131812572479	0.830601096153259	2.67562556266785	1	1
3.2207932472229	0.993363499641418	0.939890682697296	2.65562772750854	1	1
3.5857207775116	0.967362403869629	0.901639342308044	2.63704586029053	1	1
3.87470149993896	0.9522305727005	0.836065590381622	2.62590765953064	1	1
3.41886568069458	0.98154616355896	0.907103836536407	2.60891890525818	1	1
3.69697618484497	0.963823854923248	0.879781424999237	2.60103178024292	1	1
3.27244091033936	0.985428094863892	0.912568330764771	2.61325716972351	1	1
3.74604201316833	0.960427343845367	0.890710353851318	2.56266808509827	1	1
4.3354606628418	0.930730998516083	0.808743178844452	2.56766819953918	1	1
4.9945855140686	0.882886946201324	0.803278684616089	2.55455660820007	1	1
3.0800256729126	0.994565308094025	0.956284165382385	2.53967237472534	1	1
3.16393232345581	0.988630652427673	0.907103836536407	2.5268383026123	1	1
3.20257592201233	0.986547768115997	0.907103836536407	2.52584028244019	1	1
3.35190677642822	0.975820422172546	0.890710353851318	2.51362490653992	1	1
3.41586780548096	0.968280553817749	0.896174848079681	2.87904834747314	1	1
3.99291181564331	0.943921864032745	0.863388001918793	2.48929619789124	1	1
4.26514387130737	0.92322850227356	0.754098355770111	2.4790358543396	1	1
3.09608745574951	0.989354729652405	0.923497259616852	2.46805620193481	1	1
3.07146239280701	0.990280389785767	0.923497259616852	2.46607160568237	1	1
3.31001114845276	0.980493605136871	0.879781424999237	2.4565703868866	1	1
3.08247113227844	0.988093197345734	0.918032765388489	2.43732261657715	1	1
3.08916997909546	0.986667215824127	0.923497259616852	2.44377994537354	1	1
4.2035608291626	0.911732196807861	0.770491778850555	2.40847373008728	1	1
3.52709984779358	0.963741779327393	0.852459013462067	2.41014719009399	1	1
5.66867589950562	0.850980937480927	0.715847015380859	2.40714693069458	1	1
2.96886205673218	0.993669629096985	0.928961753845215	2.39619588851929	1	1
3.01024723052979	0.989362180233002	0.918032765388489	2.44474959373474	0.999999940395355	1
3.14506649971008	0.978627264499664	0.928961753845215	2.37763619422913	1	1
3.92883467674255	0.931985139846802	0.830601096153259	2.36698913574219	1	1
2.9971170425415	0.989100933074951	0.896174848079681	2.34929966926575	1	1
3.07698392868042	0.985047340393066	0.890710353851318	2.33730840682983	1	1
3.67305397987366	0.958994030952454	0.836065590381622	2.33555006980896	1	1
2.85546016693115	0.994468331336975	0.934426248073578	2.31870651245117	1	1
3.38008570671082	0.962196469306946	0.863388001918793	2.38340854644775	1	1
3.23029375076294	0.968041777610779	0.879781424999237	3.10939121246338	0.970000028610229	0.800000011920929
3.81970119476318	0.944765448570251	0.852459013462067	2.28436493873596	1	1
2.98199796676636	0.982733130455017	0.896174848079681	2.2634642124176	1	1
2.88394951820374	0.990481972694397	0.939890682697296	2.24791359901428	1	1
4.05059576034546	0.920824706554413	0.770491778850555	2.24204254150391	1	1
3.35540199279785	0.968847990036011	0.890710353851318	2.23202252388	1	1
2.82705068588257	0.990795493125916	0.928961753845215	2.2192280292511	1	1
4.02873611450195	0.923512160778046	0.808743178844452	2.21041536331177	1	1
3.81645965576172	0.931343138217926	0.836065590381622	2.21454644203186	1	1
2.86310744285583	0.988951563835144	0.923497259616852	2.19768738746643	1	1
2.90170836448669	0.987122654914856	0.901639342308044	2.19329643249512	1	1
2.83902668952942	0.988466322422028	0.890710353851318	2.17033910751343	1	1
2.99224424362183	0.978754162788391	0.890710353851318	2.16344213485718	1	1
2.84497976303101	0.984696388244629	0.890710353851318	2.14397168159485	1	1
3.91425561904907	0.935322046279907	0.852459013462067	2.14293932914734	1	1
2.85633230209351	0.985413134098053	0.912568330764771	2.12635779380798	1	1
3.06261873245239	0.971005439758301	0.879781424999237	2.11847972869873	1	1
4.24109077453613	0.900497198104858	0.710382521152496	2.10626649856567	1	1
3.70466756820679	0.947818636894226	0.797814190387726	2.10364079475403	1	1
2.66418647766113	0.993214190006256	0.928961753845215	2.10238170623779	1	1
2.68216419219971	0.991907835006714	0.928961753845215	2.08826470375061	1	1
2.62792420387268	0.994789361953735	0.956284165382385	2.08605909347534	1	1
3.18011951446533	0.958986520767212	0.863388001918793	2.06704545021057	1	1
3.60005307197571	0.932604670524597	0.846994519233704	2.1360559463501	1	1
2.71287894248962	0.988503694534302	0.912568330764771	2.15713858604431	1.00000011920929	1
3.72975444793701	0.939077019691467	0.846994519233704	2.05501532554626	1	1
3.00144720077515	0.968623995780945	0.846994519233704	2.1020143032074	1	1
3.26100945472717	0.954410374164581	0.874316930770874	2.04912233352661	1	1
3.24335384368896	0.954910635948181	0.85792350769043	2.04102730751038	1	1
2.89649534225464	0.973887026309967	0.879781424999237	2.03534650802612	1	1
2.8770227432251	0.979105055332184	0.901639342308044	2.0221483707428	1	1
2.61012363433838	0.991825640201569	0.923497259616852	2.18810415267944	1	1
2.72065401077271	0.984129130840302	0.901639342308044	2.02380919456482	1	1
3.02563071250916	0.963861227035522	0.868852436542511	1.98827397823334	1	1
3.44617009162903	0.93315714597702	0.830601096153259	1.99521994590759	1	1
3.02845644950867	0.965182542800903	0.879781424999237	1.99578952789307	1	1
2.72524833679199	0.981762707233429	0.901639342308044	1.98489212989807	1	1
2.73366069793701	0.980702638626099	0.907103836536407	1.97610318660736	1	1
2.74348330497742	0.979582846164703	0.901639342308044	1.95701634883881	1	1
3.0944287776947	0.95638120174408	0.852459013462067	1.94620668888092	1	1
2.59406423568726	0.985696732997894	0.918032765388489	1.92843747138977	1	1
4.19423675537109	0.905021071434021	0.786885261535645	1.93382287025452	1	1
3.24139428138733	0.94765442609787	0.792349755764008	1.92842257022858	1	1
2.48477816581726	0.99334853887558	0.934426248073578	1.94007837772369	1	1
2.68232488632202	0.97900801897049	0.868852436542511	1.92549097537994	1	1
2.58074545860291	0.985427975654602	0.912568330764771	1.90445590019226	1	1
2.55122590065002	0.989048600196838	0.928961753845215	1.99911379814148	1	1
4.32018899917603	0.907357633113861	0.770491778850555	1.89527356624603	1	1
2.70592069625854	0.981113255023956	0.879781424999237	1.90363788604736	1	1
3.96671175956726	0.920563399791718	0.808743178844452	1.89447915554047	1	1
2.72890186309814	0.979970991611481	0.907103836536407	1.89116132259369	1	1
2.50504732131958	0.990019142627716	0.912568330764771	1.88023400306702	1	1
2.58364391326904	0.98272567987442	0.923497259616852	1.87413573265076	1	1
2.44134473800659	0.991594195365906	0.901639342308044	1.86228013038635	1	1
2.43679571151733	0.99302750825882	0.934426248073578	1.97991144657135	1	1
3.12928414344788	0.95220822095871	0.830601096153259	1.86430132389069	1	1
2.78290128707886	0.971699595451355	0.879781424999237	1.85923790931702	1	1
2.3706533908844	0.995274543762207	0.945355176925659	1.84607625007629	1	1
2.51079916954041	0.987973690032959	0.928961753845215	1.92298603057861	1	1
2.72540736198425	0.971737027168274	0.879781424999237	1.82817769050598	1	1
3.97182846069336	0.917793929576874	0.803278684616089	1.83541011810303	1	1
2.52630877494812	0.987048029899597	0.907103836536407	1.81900751590729	1	1
2.90223836898804	0.966839909553528	0.85792350769043	1.82817673683167	1	1
2.92551231384277	0.965010941028595	0.879781424999237	1.81721806526184	1	1
3.04858541488647	0.947348356246948	0.863388001918793	1.84333384037018	1	1
2.90408396720886	0.958964109420776	0.890710353851318	1.81777155399323	1	1
3.71680617332458	0.915330410003662	0.830601096153259	1.80290484428406	1	1
2.35021710395813	0.993505358695984	0.918032765388489	1.92857646942139	0.999999940395355	1
2.82692694664001	0.966093301773071	0.874316930770874	1.78756558895111	1	1
2.93083071708679	0.962898194789886	0.846994519233704	1.78795909881592	1	1
2.35490560531616	0.992534816265106	0.934426248073578	1.78549647331238	1	1
2.43881011009216	0.988152801990509	0.896174848079681	1.77574443817139	1	1
2.36963200569153	0.991549551486969	0.912568330764771	1.76550137996674	1	1
3.06130862236023	0.947744011878967	0.819672107696533	1.76600110530853	1	1
2.62481117248535	0.972961246967316	0.879781424999237	1.76048493385315	1	1
2.30193519592285	0.993020057678223	0.928961753845215	1.74147248268127	1	1
2.31917977333069	0.992161631584167	0.939890682697296	2.13363099098206	1	1
3.4829261302948	0.932328581809998	0.841530025005341	1.73059487342834	1	1
2.37550759315491	0.988264799118042	0.901639342308044	1.73016238212585	1	1
2.62017297744751	0.970960676670074	0.890710353851318	1.71585059165955	1	1
2.36244368553162	0.98795872926712	0.918032765388489	1.75221753120422	1	1
3.09938549995422	0.936008870601654	0.770491778850555	1.71064162254333	1	1
2.49851608276367	0.984726309776306	0.901639342308044	1.70299983024597	1	1
2.67928552627563	0.966220259666443	0.852459013462067	1.69418752193451	1	1
2.25368356704712	0.993482947349548	0.939890682697296	1.68714427947998	1	1
2.55264973640442	0.973879516124725	0.879781424999237	1.68198609352112	1	1
2.31458163261414	0.988981485366821	0.907103836536407	1.67284417152405	1	1
2.37317752838135	0.984898090362549	0.890710353851318	1.66799330711365	1	1
2.63264179229736	0.966675579547882	0.85792350769043	1.65130364894867	1	1
3.26409006118774	0.935239970684052	0.775956273078918	1.65584683418274	1	1
2.30002236366272	0.986794173717499	0.901639342308044	1.64606165885925	1	1
2.23813009262085	0.991489768028259	0.928961753845215	1.63874650001526	1	1
2.25515246391296	0.989056169986725	0.934426248073578	1.62294805049896	1	1
2.63793611526489	0.966063559055328	0.846994519233704	1.62371790409088	1	1
2.41374063491821	0.981277465820312	0.896174848079681	1.60912585258484	1	1
2.22715210914612	0.989317417144775	0.901639342308044	1.60013675689697	1	1
3.5135018825531	0.922317743301392	0.808743178844452	1.64745199680328	1	1
2.44915080070496	0.97687304019928	0.907103836536407	1.61756873130798	1	1
2.31689405441284	0.980605602264404	0.912568330764771	1.59442901611328	1	1
2.42274689674377	0.975865244865417	0.852459013462067	1.71873116493225	1.00000011920929	1
2.35273218154907	0.978776514530182	0.896174848079681	1.57729423046112	1	1
2.14577126502991	0.992139160633087	0.928961753845215	1.56369841098785	1	1
2.09695482254028	0.994236946105957	0.928961753845215	1.55596733093262	1	1
3.02031493186951	0.94066709280014	0.786885261535645	1.54695677757263	1	1
2.47287559509277	0.972349166870117	0.863388001918793	1.54598474502563	1	1
2.14387130737305	0.990787982940674	0.907103836536407	1.553631067276	1	1
2.34375739097595	0.980478703975677	0.8852459192276	1.53454375267029	1	1
2.56491160392761	0.963428378105164	0.879781424999237	1.52731955051422	1	1
2.05808854103088	0.993811428546906	0.950819671154022	1.52443623542786	1	1
3.00977325439453	0.93631500005722	0.819672107696533	1.52817249298096	1	1
2.14019632339478	0.989690661430359	0.928961753845215	1.51093745231628	1	1
2.09468579292297	0.991347908973694	0.934426248073578	1.50362551212311	1	1
2.77571606636047	0.945855319499969	0.879781424999237	1.49698758125305	1	1
3.27456545829773	0.924131810665131	0.792349755764008	1.55434703826904	1	1
2.51520085334778	0.964055418968201	0.890710353851318	1.50076496601105	1	1
2.14617109298706	0.984995126724243	0.923497259616852	1.49131977558136	1	1
2.09565901756287	0.990668594837189	0.923497259616852	1.48380053043365	1	1
3.22894787788391	0.92840188741684	0.841530025005341	1.49444794654846	1	1
2.18282437324524	0.986794233322144	0.907103836536407	1.47815227508545	1	1
2.05633139610291	0.991512179374695	0.928961753845215	1.47370660305023	1	1
2.41478657722473	0.970505237579346	0.85792350769043	1.7543478012085	1	1
3.00179839134216	0.940107226371765	0.819672107696533	1.47274374961853	1	1
2.15441966056824	0.985077202320099	0.901639342308044	1.46352124214172	1	1
2.46719169616699	0.96548867225647	0.912568330764771	1.45416343212128	1	1
2.08721566200256	0.987779676914215	0.918032765388489	1.60032725334167	1	1
2.71910810470581	0.947893381118774	0.846994519233704	1.45403230190277	1	1
2.26113271713257	0.977335870265961	0.896174848079681	1.44741153717041	1	1
1.9930374622345	0.99331122636795	0.923497259616852	1.43649804592133	1	1
2.53059458732605	0.95762038230896	0.890710353851318	1.48120093345642	1	1
2.04755830764771	0.989862322807312	0.945355176925659	1.42209756374359	1	1
2.31174254417419	0.971938490867615	0.907103836536407	1.41772603988647	1	1
2.36266279220581	0.967959582805634	0.890710353851318	1.43649017810822	1	1
3.23087453842163	0.937457084655762	0.846994519233704	1.42025053501129	1	1
2.06077694892883	0.988794803619385	0.918032765388489	1.40971076488495	1	1
1.9095710515976	0.99526709318161	0.945355176925659	1.40721321105957	1	1
1.95778965950012	0.991228461265564	0.912568330764771	1.40531849861145	1	1
2.38633394241333	0.964003086090088	0.8852459192276	1.3818176984787	1	1
2.52752876281738	0.961248457431793	0.836065590381622	1.38315212726593	1	1
2.77415609359741	0.950110554695129	0.803278684616089	1.39054596424103	1	1
2.0270369052887	0.987316727638245	0.934426248073578	1.37659657001495	1	1
1.85873365402222	0.995647788047791	0.961748659610748	1.4325715303421	1	1
2.20153450965881	0.974924623966217	0.868852436542511	1.3597993850708	1	1
1.93247580528259	0.991370320320129	0.934426248073578	1.35272991657257	1	1
2.46478700637817	0.958523690700531	0.841530025005341	1.3588057756424	1	1
2.0060338973999	0.987966239452362	0.912568330764771	1.3582581281662	1	1
2.71532559394836	0.946527183055878	0.841530025005341	1.35583388805389	1	1
2.26957821846008	0.972625315189362	0.868852436542511	1.35272598266602	1	1
1.84868621826172	0.995087862014771	0.939890682697296	1.341064453125	1	1
1.91345059871674	0.991161286830902	0.923497259616852	1.34172368049622	1	1
2.63842511177063	0.947057247161865	0.825136601924896	1.33913481235504	1	1
1.93314933776855	0.989623427391052	0.923497259616852	1.32354485988617	1	1
2.64931154251099	0.950901806354523	0.896174848079681	1.32257974147797	1	1
2.30042409896851	0.967033863067627	0.836065590381622	1.32021772861481	1	1
1.89676034450531	0.992527484893799	0.934426248073578	1.31397461891174	1	1
3.64191937446594	0.898660778999329	0.781420767307281	1.31571936607361	1	1
2.06743049621582	0.979970991611481	0.901639342308044	1.3099467754364	1	1
1.8051472902298	0.995386481285095	0.950819671154022	1.30118644237518	1	1
1.93007385730743	0.985741555690765	0.928961753845215	1.30401861667633	1	1
2.0054132938385	0.984711408615112	0.912568330764771	1.28877997398376	1	1
2.12575149536133	0.979179739952087	0.912568330764771	1.28482937812805	1	1
1.88579368591309	0.990071415901184	0.918032765388489	1.27535593509674	1	1
2.01504135131836	0.979366302490234	0.918032765388489	1.30277287960052	1	1
2.51294255256653	0.950431525707245	0.808743178844452	1.27615261077881	1	1
1.8079320192337	0.993901014328003	0.928961753845215	1.30337738990784	1	1
2.85465550422668	0.936225354671478	0.830601096153259	1.28160989284515	1	1
2.0083384513855	0.981747806072235	0.868852436542511	1.27205371856689	1	1
1.93488621711731	0.984830856323242	0.907103836536407	1.26959824562073	1	1
1.84177553653717	0.991400122642517	0.939890682697296	1.2594530582428	1	1
1.88136720657349	0.988794803619385	0.923497259616852	1.25515270233154	1	1
2.00016212463379	0.981419205665588	0.8852459192276	1.25955355167389	1	1
2.3294665813446	0.963734328746796	0.868852436542511	1.25608110427856	1	1
2.02322959899902	0.980799674987793	0.879781424999237	1.2504780292511	1	1
1.80126440525055	0.991355419158936	0.934426248073578	1.24424576759338	1	1
2.07715940475464	0.973020970821381	0.901639342308044	1.24504423141479	1	1
4.0596399307251	0.882162809371948	0.737704932689667	1.24565708637238	1	1
1.78222894668579	0.991967558860779	0.912568330764771	1.2384911775589	1	1
1.85820496082306	0.987675070762634	0.918032765388489	1.25915122032166	1	1
2.24353551864624	0.964204609394073	0.901639342308044	1.23074460029602	1	1
3.09975504875183	0.924856007099152	0.814207673072815	1.23184108734131	1	1
1.76474821567535	0.993557572364807	0.934426248073578	1.22464096546173	1	1
2.27563166618347	0.959509074687958	0.896174848079681	1.2230087518692	1	1
1.68705260753632	0.996543645858765	0.945355176925659	1.21396863460541	1	1
2.09361171722412	0.973461389541626	0.863388001918793	1.2170501947403	1	1
1.72475445270538	0.995296955108643	0.950819671154022	1.21143209934235	1	1
1.7419296503067	0.992915570735931	0.934426248073578	1.20337927341461	1	1
3.12369823455811	0.915838003158569	0.792349755764008	1.19781577587128	1	1
2.11853861808777	0.97036337852478	0.8852459192276	1.19796967506409	1	1
1.99778938293457	0.982247889041901	0.896174848079681	1.19315361976624	1	1
1.69790029525757	0.994662404060364	0.945355176925659	1.19263386726379	1	1
1.84109461307526	0.98823493719101	0.8852459192276	1.18353664875031	1	1
2.05099844932556	0.977492690086365	0.896174848079681	1.17665159702301	1	1
1.77115118503571	0.992467641830444	0.939890682697296	1.19603455066681	1	1
1.83533263206482	0.985651969909668	0.923497259616852	1.19093215465546	1	1
1.97997963428497	0.977843523025513	0.863388001918793	1.98212218284607	0.975000023841858	0.899999976158142
2.55231165885925	0.946616768836975	0.841530025005341	1.17546820640564	1	1
1.67823028564453	0.993856191635132	0.945355176925659	1.16708981990814	1	1
1.73522317409515	0.991280794143677	0.923497259616852	1.17934083938599	1	1
2.35210037231445	0.954619348049164	0.825136601924896	1.18552052974701	1	1
2.25619173049927	0.959628582000732	0.825136601924896	1.17290508747101	1	1
2.1651599407196	0.963480591773987	0.890710353851318	1.1663293838501	1	1
1.65819466114044	0.99476683139801	0.950819671154022	1.17086112499237	1	1
3.22832155227661	0.924758851528168	0.803278684616089	1.16435217857361	1	1
1.63641595840454	0.99546867609024	0.939890682697296	1.16047477722168	1	1
1.82077527046204	0.985838651657104	0.901639342308044	1.15390479564667	1	1
1.63106667995453	0.995229840278625	0.945355176925659	1.1473001241684	1	1
1.68977344036102	0.991795778274536	0.950819671154022	1.14219462871552	1	1
1.77027904987335	0.98733913898468	0.907103836536407	1.16326677799225	1	1
1.93426978588104	0.976775944232941	0.907103836536407	1.55031216144562	1	1
2.69813013076782	0.934060454368591	0.846994519233704	1.13299763202667	1	1
1.60256958007812	0.995252072811127	0.939890682697296	1.12451171875	1	1
1.66008424758911	0.992631912231445	0.928961753845215	1.11602902412415	1	1
1.74596536159515	0.990392446517944	0.912568330764771	1.1268208026886	1	1
3.62716722488403	0.884544193744659	0.737704932689667	1.12642931938171	1	1
2.20991921424866	0.960673630237579	0.879781424999237	1.18395471572876	1	1
2.17793250083923	0.961181223392487	0.874316930770874	1.11830914020538	1	1
1.65057551860809	0.992773771286011	0.934426248073578	1.12262415885925	1	1
2.45244479179382	0.946460008621216	0.874316930770874	1.1280552148819	1	1
1.83297526836395	0.978940784931183	0.923497259616852	1.11447405815125	1	1
1.64363551139832	0.994423568248749	0.923497259616852	1.11080241203308	1	1
1.56967508792877	0.996357023715973	0.945355176925659	1.1100093126297	1	1
2.01093292236328	0.978687107563019	0.868852436542511	1.15030443668365	1	1
1.93358421325684	0.975910067558289	0.874316930770874	1.10609555244446	1	1
1.61850726604462	0.993990540504456	0.939890682697296	1.10728406906128	1	1
2.77757215499878	0.936135768890381	0.841530025005341	1.10314464569092	1	1
2.05155825614929	0.976522088050842	0.890710353851318	1.1002277135849	1	1
1.64843952655792	0.990534245967865	0.945355176925659	1.09491682052612	1	1
1.71926200389862	0.987480998039246	0.907103836536407	1.0898494720459	1	1
1.55182933807373	0.995939016342163	0.945355176925659	1.08558630943298	1	1
1.64977741241455	0.990556597709656	0.934426248073578	1.08688569068909	1	1
3.45248007774353	0.901579618453979	0.792349755764008	1.08774745464325	1	1
1.59839022159576	0.994617700576782	0.945355176925659	1.08643412590027	1	1
1.705979347229	0.987242102622986	0.912568330764771	1.08011448383331	1	1
1.97046160697937	0.972334206104279	0.8852459192276	1.08569312095642	1	1
1.62010669708252	0.991803228855133	0.934426248073578	1.07387590408325	1	1
1.55847203731537	0.995423853397369	0.961748659610748	1.07115757465363	1	1
1.64337038993835	0.99089252948761	0.918032765388489	1.06296372413635	1	1
1.82907927036285	0.982994437217712	0.918032765388489	1.09924697875977	1	1
1.93396091461182	0.974879741668701	0.890710353851318	1.06606733798981	1	1
2.03738784790039	0.968250751495361	0.8852459192276	1.06631755828857	1	1
1.8765960931778	0.979896426200867	0.890710353851318	1.06329822540283	1	1
1.64857637882233	0.989309906959534	0.923497259616852	1.06160593032837	1	1
1.60281372070312	0.991930186748505	0.939890682697296	1.13093245029449	1	1
1.75350439548492	0.982949614524841	0.901639342308044	1.04823839664459	1	1
1.57174217700958	0.993923306465149	0.939890682697296	1.04187822341919	1	1
2.24137616157532	0.967698335647583	0.863388001918793	1.04791951179504	1	1
1.68094038963318	0.987152576446533	0.928961753845215	1.04150450229645	1	1
1.5518045425415	0.993766665458679	0.939890682697296	1.03597593307495	1	1
