loss	auc	accuracy	val_loss	val_auc	val_accuracy
60.5531120300293	0.475920081138611	0.309782594442368	20.4750480651855	0.840000033378601	0.800000011920929
30.9031524658203	0.589836359024048	0.423913031816483	15.5821132659912	1	1
34.8251152038574	0.584253907203674	0.41847825050354	18.2184295654297	0.900000035762787	0.800000011920929
29.4862079620361	0.647566199302673	0.47826087474823	15.5311183929443	0.995000004768372	0.899999976158142
25.3550415039062	0.68823105096817	0.527173936367035	15.0338010787964	1	1
26.9316883087158	0.705155730247498	0.56521737575531	14.8706970214844	1	1
21.409008026123	0.731118559837341	0.548913061618805	14.9567394256592	1	1
23.9287128448486	0.715508282184601	0.53804349899292	14.5537815093994	1	1
21.5515441894531	0.770350873470306	0.576086938381195	21.6932945251465	0.639999985694885	0.5
35.2628898620605	0.637804269790649	0.489130437374115	14.2800693511963	1	1
19.3176021575928	0.7704838514328	0.60326087474823	14.1286926269531	1	1
19.0430278778076	0.793891787528992	0.630434811115265	13.9824094772339	1	1
17.3162288665771	0.846393585205078	0.701086938381195	15.9360656738281	0.882499933242798	0.800000011920929
19.6111278533936	0.769531190395355	0.592391312122345	24.3989238739014	0.544999957084656	0.300000011920929
22.7334537506104	0.72566157579422	0.55978262424469	13.5573196411133	1	1
17.804370880127	0.826795816421509	0.66304349899292	13.6535978317261	0.995000004768372	0.899999976158142
18.9628810882568	0.794120669364929	0.635869562625885	13.3206577301025	1	1
21.3058948516846	0.737557649612427	0.532608687877655	13.1788940429688	1	1
20.0752239227295	0.795479416847229	0.635869562625885	14.716890335083	0.920000016689301	0.800000011920929
16.6621723175049	0.824425518512726	0.66847825050354	14.2386875152588	0.935000061988831	0.800000011920929
20.2267475128174	0.746234059333801	0.548913061618805	12.851957321167	1	1
17.8855667114258	0.852788269519806	0.701086938381195	26.6938743591309	0.464999973773956	0.200000002980232
19.3937492370605	0.762383282184601	0.60869562625885	12.6171989440918	1	1
17.5210399627686	0.829195737838745	0.69021737575531	12.5074710845947	1	1
21.4451694488525	0.758787214756012	0.64673912525177	12.4127292633057	1	1
16.6934185028076	0.840943992137909	0.673913061618805	12.3086757659912	1	1
14.4784784317017	0.898814022541046	0.75	16.0132427215576	0.704999983310699	0.5
20.6948699951172	0.71416437625885	0.510869562625885	12.0985774993896	1	1
15.9494771957397	0.860918283462524	0.73369562625885	11.9943237304688	1	1
14.6703062057495	0.88406777381897	0.739130437374115	11.9063777923584	1	1
14.2481307983398	0.899308681488037	0.72826087474823	11.7876682281494	1	1
18.531177520752	0.810388028621674	0.66304349899292	12.6662750244141	0.965000033378601	0.899999976158142
14.8037042617798	0.882340013980865	0.777173936367035	20.7699165344238	0.525000035762787	0.400000005960464
21.9351463317871	0.736701011657715	0.60869562625885	19.834156036377	0.560000002384186	0.300000011920929
15.3899002075195	0.87133002281189	0.73369562625885	11.4683141708374	1	1
12.9783248901367	0.932390153408051	0.798913061618805	11.3822803497314	1	1
13.8674039840698	0.882723867893219	0.717391312122345	11.3003177642822	1	1
14.0053176879883	0.87993997335434	0.722826063632965	11.2105121612549	1	1
15.096755027771	0.830901443958282	0.657608687877655	11.1291151046753	1	1
14.9816274642944	0.842930316925049	0.71195650100708	11.0790748596191	1	1
15.6938247680664	0.836358428001404	0.657608687877655	10.986141204834	1	1
14.7870664596558	0.862661004066467	0.701086938381195	10.9218196868896	1	1
13.2099752426147	0.893512189388275	0.744565188884735	10.8543615341187	1	1
16.8700466156006	0.778835356235504	0.652173936367035	11.336874961853	0.985000014305115	0.899999976158142
14.1234750747681	0.884296655654907	0.744565188884735	10.7238445281982	1	1
12.4078168869019	0.928830921649933	0.83152174949646	10.6487464904785	1	1
15.5848798751831	0.832961678504944	0.66304349899292	21.0988655090332	0.439999997615814	0.300000011920929
15.948127746582	0.833692669868469	0.70652174949646	10.8171701431274	1	1
13.7174129486084	0.854028880596161	0.71195650100708	10.4803218841553	1	1
11.8146572113037	0.945733487606049	0.820652186870575	12.3674449920654	0.870000004768372	0.600000023841858
12.7231502532959	0.908325016498566	0.78804349899292	10.2852249145508	1	1
13.5886831283569	0.848837673664093	0.66847825050354	10.2099952697754	1	1
11.5714511871338	0.946833670139313	0.869565188884735	10.1183242797852	1	1
12.2827854156494	0.913530886173248	0.83695650100708	10.0279769897461	1	1
14.4653244018555	0.886253595352173	0.782608687877655	9.94827461242676	1	1
12.5005559921265	0.891141891479492	0.739130437374115	9.87311553955078	1	1
14.8347902297974	0.838854193687439	0.70652174949646	9.82685375213623	1	1
11.4192991256714	0.937138199806213	0.81521737575531	9.91409873962402	1	1
12.0257949829102	0.904138207435608	0.782608687877655	10.5394916534424	0.975000083446503	0.899999976158142
14.0090227127075	0.831706345081329	0.673913061618805	9.66190242767334	1	1
12.0251197814941	0.924821317195892	0.820652186870575	9.62925910949707	1	1
12.156795501709	0.898703336715698	0.777173936367035	9.51899814605713	1	1
12.9182195663452	0.862572371959686	0.72826087474823	9.75225448608398	1.00000011920929	1
14.2998695373535	0.846208930015564	0.72826087474823	9.422119140625	1	1
10.4123525619507	0.964688718318939	0.869565188884735	9.35659980773926	1	1
13.2087430953979	0.874091684818268	0.722826063632965	16.469575881958	0.540000021457672	0.400000005960464
16.5496234893799	0.815527558326721	0.68478262424469	9.27964878082275	1	1
10.6947269439697	0.942454755306244	0.80978262424469	9.40335750579834	1	1
10.7524175643921	0.934199213981628	0.826086938381195	9.16754341125488	1	1
12.8069047927856	0.882111012935638	0.755434811115265	9.11292362213135	1	1
10.6295118331909	0.944182634353638	0.826086938381195	16.946798324585	0.559999942779541	0.300000011920929
12.3848476409912	0.891666054725647	0.717391312122345	9.11260414123535	1	1
10.6302442550659	0.929547250270844	0.83152174949646	8.97078037261963	1	1
10.08567237854	0.95888477563858	0.826086938381195	8.91488742828369	1	1
10.7193393707275	0.92596572637558	0.826086938381195	13.2147808074951	0.725000023841858	0.5
15.8852834701538	0.77666449546814	0.679347813129425	18.8316097259521	0.459999978542328	0.100000001490116
12.2454929351807	0.897344648838043	0.777173936367035	8.74138641357422	1	1
9.94301509857178	0.956019639968872	0.826086938381195	8.72086143493652	1	1
9.45853900909424	0.980173349380493	0.875	8.63220596313477	1	1
13.7368326187134	0.854590117931366	0.701086938381195	8.66875076293945	1	1
11.69677734375	0.86876767873764	0.717391312122345	8.56384086608887	1	1
11.8012495040894	0.89215350151062	0.777173936367035	8.79266738891602	1	1
10.7692575454712	0.903621196746826	0.79347825050354	8.49477195739746	1	1
10.3095722198486	0.922059595584869	0.798913061618805	8.4630298614502	1	1
9.46586322784424	0.964319467544556	0.847826063632965	8.37103080749512	1	1
11.0327968597412	0.874017834663391	0.722826063632965	8.76244068145752	0.995000004768372	0.899999976158142
16.6519508361816	0.772477567195892	0.614130437374115	8.29747581481934	1	1
10.8651733398438	0.897913217544556	0.804347813129425	8.26070785522461	1	1
9.98571491241455	0.924703180789948	0.777173936367035	8.53621196746826	1	1
9.26728534698486	0.962118923664093	0.869565188884735	8.99615859985352	0.980000019073486	0.800000011920929
9.69156837463379	0.93778795003891	0.85326087474823	8.64167785644531	1	1
9.74631214141846	0.9339998960495	0.83152174949646	8.16838455200195	1	1
10.7017078399658	0.888771533966064	0.782608687877655	8.03902912139893	1	1
9.35927772521973	0.945733428001404	0.83152174949646	8.1535472869873	1	1
8.86685085296631	0.972006440162659	0.869565188884735	7.92238473892212	1	1
9.54276752471924	0.923735797405243	0.81521737575531	7.85509490966797	1	1
11.0702056884766	0.868568301200867	0.717391312122345	8.09499359130859	1	1
11.8985261917114	0.834120988845825	0.717391312122345	7.85205554962158	1	1
9.9462947845459	0.9326411485672	0.83695650100708	7.7559232711792	1	1
8.75177764892578	0.964216113090515	0.864130437374115	7.84966135025024	1	1
8.51754570007324	0.977382183074951	0.885869562625885	7.67508554458618	1	1
9.81244277954102	0.910148918628693	0.79347825050354	12.4010000228882	0.639999985694885	0.200000002980232
9.09548664093018	0.942846179008484	0.81521737575531	7.65756511688232	0.999999940395355	1
8.38608551025391	0.976761877536774	0.89130437374115	7.74985218048096	1	1
10.2747955322266	0.900438725948334	0.777173936367035	7.52716970443726	1	1
9.97035789489746	0.887257814407349	0.717391312122345	7.49465656280518	1	1
8.27481651306152	0.978445470333099	0.885869562625885	7.44276285171509	1	1
8.89520072937012	0.942905306816101	0.83695650100708	7.40938663482666	1	1
8.38122844696045	0.968469321727753	0.89130437374115	7.42345333099365	1	1
9.6137638092041	0.899500846862793	0.77173912525177	7.30854797363281	1	1
8.74531173706055	0.954254746437073	0.85326087474823	7.70257425308228	1	1
10.6407203674316	0.889598608016968	0.739130437374115	7.23291015625	1	1
8.86961269378662	0.928535521030426	0.76630437374115	7.30551290512085	1	1
8.95118045806885	0.922960460186005	0.81521737575531	7.17753458023071	1	1
8.03397369384766	0.971917867660522	0.907608687877655	7.10310363769531	1	1
8.91119003295898	0.922628164291382	0.777173936367035	7.05589008331299	1	1
9.91510963439941	0.891267359256744	0.739130437374115	10.9802799224854	0.685000002384186	0.300000011920929
8.96444702148438	0.911898910999298	0.760869562625885	7.00164127349854	1	1
9.59743022918701	0.90929239988327	0.78804349899292	7.05524063110352	1	1
7.86989212036133	0.97066992521286	0.880434811115265	7.00807046890259	1	1
7.95424938201904	0.962251901626587	0.864130437374115	8.00312232971191	0.944999933242798	0.800000011920929
8.60075950622559	0.925035536289215	0.798913061618805	6.83102512359619	1	1
9.92642784118652	0.868974447250366	0.71195650100708	9.65072631835938	0.739999949932098	0.400000005960464
8.37353038787842	0.934280574321747	0.83695650100708	7.03159046173096	0.999999940395355	1
7.68304252624512	0.971807062625885	0.864130437374115	6.72837448120117	1	1
8.72904682159424	0.919467866420746	0.798913061618805	7.04386043548584	1	1
8.76154899597168	0.938770115375519	0.85326087474823	6.72830486297607	1	1
7.45433187484741	0.978068888187408	0.864130437374115	6.84599924087524	1	1
7.71577644348145	0.957326591014862	0.820652186870575	6.56849193572998	1	1
9.59962749481201	0.88542640209198	0.72826087474823	6.93304347991943	0.995000004768372	0.899999976158142
7.34387254714966	0.97661417722702	0.880434811115265	6.66054821014404	1	1
7.56683492660522	0.959600985050201	0.847826063632965	6.48079442977905	1	1
10.6604251861572	0.850993931293488	0.722826063632965	6.46855449676514	1	1
7.6640100479126	0.951758921146393	0.83152174949646	6.45672082901001	1	1
7.68433856964111	0.947867393493652	0.85326087474823	6.35334825515747	1	1
7.07033157348633	0.983843326568604	0.885869562625885	6.37357616424561	1	1
7.33095264434814	0.964444994926453	0.842391312122345	6.2532901763916	1	1
10.0551233291626	0.835782408714294	0.72826087474823	6.24287796020508	1	1
7.97163438796997	0.922192454338074	0.78804349899292	6.30191802978516	0.999999940395355	1
7.01252412796021	0.977005481719971	0.880434811115265	6.18540287017822	1	1
7.98228120803833	0.9164919257164	0.81521737575531	6.31326961517334	1	1
8.93579387664795	0.872083127498627	0.744565188884735	6.51267862319946	1	1
7.89610815048218	0.915694415569305	0.83695650100708	6.17989301681519	1	1
6.82590103149414	0.982684016227722	0.89673912525177	11.1214942932129	0.582499980926514	0.200000002980232
7.3597412109375	0.948244094848633	0.820652186870575	6.03178882598877	1	1
7.69026470184326	0.926467955112457	0.81521737575531	5.99782991409302	1	1
7.79916048049927	0.932043015956879	0.826086938381195	6.79396963119507	0.975000023841858	0.899999976158142
7.87585735321045	0.929207503795624	0.804347813129425	5.94200325012207	1	1
7.2512001991272	0.943008601665497	0.820652186870575	5.99401330947876	1	1
8.30844116210938	0.887841045856476	0.755434811115265	5.88466691970825	1	1
6.95361518859863	0.961712837219238	0.85869562625885	6.39072322845459	0.994999945163727	0.899999976158142
7.05783033370972	0.95635187625885	0.869565188884735	5.81531810760498	1	1
7.15266752243042	0.942956924438477	0.79347825050354	5.89629125595093	1	1
7.01706218719482	0.949765086174011	0.83695650100708	6.70402383804321	0.960000038146973	0.800000011920929
7.92280292510986	0.919940292835236	0.80978262424469	5.74862480163574	1	1
7.62436628341675	0.931548357009888	0.875	5.68306255340576	1	1
7.72873640060425	0.909764885902405	0.79347825050354	5.65007019042969	1	1
6.72719478607178	0.961173832416534	0.85869562625885	6.60423278808594	0.957499921321869	0.899999976158142
7.33400869369507	0.928779244422913	0.81521737575531	6.21682739257812	0.985000014305115	0.899999976158142
6.41922044754028	0.977729141712189	0.880434811115265	5.5707483291626	1	1
6.36984443664551	0.977182745933533	0.885869562625885	6.05704164505005	0.995000004768372	0.899999976158142
6.53115129470825	0.96462219953537	0.89130437374115	5.48631000518799	1	1
6.73044109344482	0.956824541091919	0.83695650100708	5.50834274291992	1	1
7.76253223419189	0.885138511657715	0.717391312122345	6.47338342666626	0.950000047683716	0.800000011920929
7.66892147064209	0.907719433307648	0.77173912525177	5.41739273071289	1	1
7.55824565887451	0.913648962974548	0.80978262424469	5.42190170288086	1	1
6.12432384490967	0.983843326568604	0.902173936367035	5.41187286376953	1	1
6.02961540222168	0.987084984779358	0.91304349899292	5.3337664604187	1	1
6.09024429321289	0.981480419635773	0.880434811115265	5.30325412750244	1	1
5.98263025283813	0.98374730348587	0.907608687877655	5.27039861679077	1	1
7.01008081436157	0.928085088729858	0.798913061618805	5.26684188842773	1	1
8.36740875244141	0.849177479743958	0.679347813129425	5.21755695343018	1	1
5.92826700210571	0.985814929008484	0.902173936367035	5.20063591003418	1	1
5.92949914932251	0.980956137180328	0.907608687877655	5.15828466415405	1	1
6.43345355987549	0.944817721843719	0.847826063632965	7.86814212799072	0.749999940395355	0.400000005960464
6.74805021286011	0.933771014213562	0.78804349899292	5.14558219909668	1	1
6.6968846321106	0.931134760379791	0.83152174949646	5.18548917770386	1	1
6.0849461555481	0.963049471378326	0.85326087474823	5.05189514160156	1	1
6.78187561035156	0.930448114871979	0.80978262424469	5.0391092300415	1	1
7.63250255584717	0.878197312355042	0.798913061618805	5.18585252761841	1	1
5.67711734771729	0.987136721611023	0.91847825050354	5.05237340927124	1	1
7.38525009155273	0.90499472618103	0.77173912525177	5.32115364074707	0.995000004768372	0.899999976158142
5.75014591217041	0.977677583694458	0.91304349899292	4.93543291091919	1	1
6.57833576202393	0.921424508094788	0.76630437374115	4.91647481918335	1	1
5.78212881088257	0.973446369171143	0.869565188884735	4.90243291854858	1	1
7.15664482116699	0.883189082145691	0.72826087474823	5.93523406982422	0.967499971389771	0.800000011920929
7.4681396484375	0.880456984043121	0.72826087474823	5.24400663375854	0.995000004768372	0.899999976158142
5.99383497238159	0.956728458404541	0.885869562625885	4.87619972229004	1	1
5.56374359130859	0.982292652130127	0.91847825050354	4.84584474563599	1	1
6.53766679763794	0.92124730348587	0.820652186870575	5.49731731414795	0.98500007390976	0.899999976158142
5.60241413116455	0.977898955345154	0.880434811115265	4.79977035522461	1	1
5.82093286514282	0.961624264717102	0.842391312122345	5.29561853408813	0.995000064373016	0.899999976158142
6.1503210067749	0.946900129318237	0.847826063632965	4.71480274200439	1	1
6.90657329559326	0.893202126026154	0.77173912525177	4.9650821685791	1	1
5.68579578399658	0.965759456157684	0.85326087474823	6.04133129119873	0.932500004768372	0.800000011920929
8.26448154449463	0.862409889698029	0.717391312122345	4.75348234176636	1	1
6.12115526199341	0.945327281951904	0.83152174949646	5.06960535049438	0.995000004768372	0.899999976158142
5.47187757492065	0.976857900619507	0.875	5.09834003448486	0.995000004768372	0.899999976158142
5.35684251785278	0.984507918357849	0.907608687877655	4.60757160186768	1	1
5.50009536743164	0.97187352180481	0.869565188884735	4.60023403167725	1	1
6.00139856338501	0.945238709449768	0.83695650100708	5.26218843460083	0.98499995470047	0.899999976158142
6.32401704788208	0.920080661773682	0.80978262424469	5.28883075714111	0.975000023841858	0.899999976158142
5.89997577667236	0.940453708171844	0.864130437374115	4.52024698257446	1	1
5.79426527023315	0.948089003562927	0.842391312122345	4.66266441345215	1	1
6.89389562606812	0.884894847869873	0.69021737575531	4.49704456329346	1	1
5.19026231765747	0.98262494802475	0.93478262424469	4.57644510269165	0.999999940395355	1
5.1724967956543	0.983215630054474	0.89673912525177	4.42617321014404	1	1
5.91273355484009	0.935853242874146	0.826086938381195	4.40641593933105	1	1
5.4539213180542	0.965729832649231	0.842391312122345	4.39753866195679	1	1
5.32743358612061	0.969311237335205	0.85869562625885	5.2385401725769	0.970000028610229	0.800000011920929
5.3163423538208	0.966202437877655	0.875	4.31214046478271	1	1
5.71022939682007	0.939397752285004	0.826086938381195	6.33028793334961	0.804999947547913	0.5
6.09392786026001	0.91253399848938	0.81521737575531	4.28369855880737	1	1
5.77255964279175	0.940313398838043	0.820652186870575	4.26705074310303	1	1
4.9427227973938	0.98749852180481	0.902173936367035	4.30913829803467	1	1
6.23856973648071	0.930300414562225	0.81521737575531	4.19727230072021	1	1
4.90301179885864	0.985482633113861	0.907608687877655	4.43165683746338	1	1
5.58787250518799	0.933305859565735	0.804347813129425	4.13518238067627	1	1
4.76842212677002	0.990385770797729	0.91847825050354	4.1043872833252	1	1
5.83413219451904	0.925928950309753	0.847826063632965	4.14312362670898	1	1
4.78240919113159	0.985364437103271	0.907608687877655	4.04547691345215	1	1
6.67037677764893	0.917651176452637	0.820652186870575	4.06489515304565	1	1
4.85082530975342	0.979176461696625	0.880434811115265	4.01654863357544	1	1
5.73815011978149	0.921653568744659	0.804347813129425	3.99710988998413	1	1
4.80908155441284	0.977995038032532	0.885869562625885	3.97126698493958	1	1
4.77332925796509	0.978172302246094	0.89673912525177	4.08794403076172	1	1
5.69542455673218	0.927162051200867	0.826086938381195	3.98177099227905	1	1
5.01326704025269	0.958810925483704	0.85326087474823	3.95109605789185	1	1
5.76172733306885	0.905961990356445	0.71195650100708	3.90629148483276	1	1
5.66553068161011	0.923720955848694	0.83695650100708	3.89644622802734	1	1
4.52900838851929	0.989861488342285	0.91847825050354	3.98708915710449	1	1
4.52414751052856	0.987387776374817	0.907608687877655	3.84677004814148	1	1
4.54122591018677	0.984219968318939	0.89130437374115	4.91383075714111	0.950000047683716	0.800000011920929
5.58988952636719	0.918574273586273	0.80978262424469	3.83251810073853	1	1
5.27305698394775	0.942292392253876	0.83695650100708	3.7747631072998	1	1
5.75976228713989	0.912231206893921	0.777173936367035	3.76338887214661	1	1
4.60536766052246	0.975203692913055	0.875	3.76811671257019	1	1
5.15429162979126	0.941930592060089	0.798913061618805	3.71670603752136	1	1
5.48268747329712	0.918359994888306	0.804347813129425	3.71474885940552	1	1
4.54360485076904	0.977315664291382	0.875	3.84404444694519	1	1
4.35134840011597	0.98907870054245	0.907608687877655	3.87114286422729	1.00000011920929	1
4.35624980926514	0.986294865608215	0.902173936367035	3.64417791366577	1	1
6.40696239471436	0.871854364871979	0.679347813129425	3.68012309074402	1	1
5.07962036132812	0.936613917350769	0.826086938381195	4.06972408294678	1	1
4.5375394821167	0.969060122966766	0.875	3.59824180603027	1	1
4.39202404022217	0.978076219558716	0.902173936367035	3.96299815177917	1	1
4.39636468887329	0.976200580596924	0.907608687877655	3.56512880325317	1	1
4.36922073364258	0.975026607513428	0.89673912525177	3.57766532897949	1	1
4.30048799514771	0.979641735553741	0.907608687877655	3.51166224479675	1	1
4.17905616760254	0.985423564910889	0.907608687877655	3.46770787239075	1	1
5.53377723693848	0.898784518241882	0.744565188884735	3.46964406967163	1	1
4.35910177230835	0.970559179782867	0.89130437374115	3.44233393669128	1	1
4.31951856613159	0.975203812122345	0.864130437374115	3.41747808456421	1	1
4.32516622543335	0.975388407707214	0.880434811115265	3.39843511581421	1	1
5.05808019638062	0.927007019519806	0.75	3.69918251037598	1	1
5.78487110137939	0.886541485786438	0.739130437374115	4.04294586181641	0.98500007390976	0.899999976158142
7.09876394271851	0.845935702323914	0.76630437374115	3.37498092651367	1	1
4.04510068893433	0.988775968551636	0.91847825050354	3.38265657424927	1	1
4.09676837921143	0.981893837451935	0.902173936367035	4.29308652877808	0.955000042915344	0.899999976158142
4.86485910415649	0.941243767738342	0.847826063632965	3.46321225166321	1	1
4.37974262237549	0.959763407707214	0.89130437374115	3.38834309577942	1	1
4.20568466186523	0.972102403640747	0.89130437374115	3.34256601333618	1	1
4.41693592071533	0.959106206893921	0.842391312122345	3.29759645462036	1	1
4.0155930519104	0.982617557048798	0.902173936367035	3.4425323009491	1	1
4.24957942962646	0.966527342796326	0.826086938381195	3.23183965682983	1	1
4.35194253921509	0.960236012935638	0.85326087474823	3.22351765632629	1	1
4.96333360671997	0.91621869802475	0.798913061618805	3.22191095352173	1	1
4.28452682495117	0.967967331409454	0.875	3.30073428153992	1	1
3.83013296127319	0.991050362586975	0.93478262424469	3.17619037628174	1	1
4.3998556137085	0.947830557823181	0.820652186870575	3.26510000228882	1	1
4.17251539230347	0.960332095623016	0.902173936367035	3.11601972579956	1	1
4.13179874420166	0.964024066925049	0.85869562625885	3.13411378860474	1	1
3.97986102104187	0.973786056041718	0.864130437374115	3.07069516181946	1	1
4.13256502151489	0.964060962200165	0.85326087474823	3.05991053581238	1	1
5.42066097259521	0.892375111579895	0.76630437374115	3.09826517105103	1	1
3.82469034194946	0.982071101665497	0.902173936367035	3.0704071521759	1	1
3.7494101524353	0.986272752285004	0.89130437374115	3.02866959571838	1	1
4.83049964904785	0.922709405422211	0.79347825050354	3.16370034217834	1	1
3.68225288391113	0.985549032688141	0.91847825050354	2.99398636817932	1	1
3.87067270278931	0.975920081138611	0.869565188884735	2.97443914413452	1	1
3.85644125938416	0.971888244152069	0.869565188884735	3.06167125701904	1	1
4.09855651855469	0.956506907939911	0.864130437374115	3.02170181274414	1	1
3.93863344192505	0.964592635631561	0.85869562625885	3.04320788383484	1	1
4.79222106933594	0.909329235553741	0.75	2.93870949745178	1	1
3.5879807472229	0.986885666847229	0.91304349899292	2.89122653007507	1	1
3.92115211486816	0.96552312374115	0.85869562625885	2.95043563842773	1	1
3.91661906242371	0.96615070104599	0.85869562625885	2.93294024467468	1	1
3.90760898590088	0.964341640472412	0.880434811115265	4.01236391067505	0.935000002384186	0.899999976158142
4.16215753555298	0.947653234004974	0.85869562625885	2.854660987854	1	1
3.92509818077087	0.961122155189514	0.826086938381195	2.83616471290588	1	1
4.12374114990234	0.943112015724182	0.81521737575531	3.05949234962463	1	1
3.84895825386047	0.962133705615997	0.875	2.7933452129364	1	1
4.31298780441284	0.934428095817566	0.83695650100708	2.95450282096863	1	1
3.51203560829163	0.984566867351532	0.89673912525177	2.76832342147827	1	1
3.62453699111938	0.978113114833832	0.864130437374115	4.33858442306519	0.905000030994415	0.800000011920929
4.92989253997803	0.900091528892517	0.78804349899292	2.76569032669067	1	1
3.49537992477417	0.984352827072144	0.91847825050354	2.7528600692749	1	1
3.42393565177917	0.987764358520508	0.929347813129425	2.92017221450806	1	1
3.60858416557312	0.971474766731262	0.864130437374115	2.72508144378662	1	1
3.28731036186218	0.9925936460495	0.923913061618805	2.69454646110535	1	1
3.41166996955872	0.984906673431396	0.89673912525177	2.65426921844482	1	1
4.16199731826782	0.938991665840149	0.83695650100708	2.7913281917572	1	1
3.46934819221497	0.974716424942017	0.902173936367035	2.71904468536377	0.999999940395355	1
3.73141407966614	0.960007071495056	0.842391312122345	2.61818218231201	1	1
4.10352420806885	0.936303675174713	0.77173912525177	2.59887504577637	1	1
3.95249700546265	0.944485366344452	0.864130437374115	2.58170080184937	1	1
3.23957824707031	0.989241182804108	0.91304349899292	2.57672309875488	1	1
3.39995551109314	0.977027654647827	0.89673912525177	2.60647940635681	1	1
4.09213447570801	0.931688666343689	0.85326087474823	2.55825805664062	1	1
3.17414331436157	0.990156829357147	0.91304349899292	2.51753377914429	1	1
3.74344182014465	0.951301097869873	0.826086938381195	2.51476049423218	1	1
3.41040062904358	0.972988486289978	0.875	2.58280348777771	1	1
3.56091046333313	0.962982952594757	0.864130437374115	2.49991106987	1	1
3.44958162307739	0.967398703098297	0.847826063632965	2.49454069137573	1	1
3.43701410293579	0.965774178504944	0.880434811115265	2.45599961280823	1	1
3.4539098739624	0.968166708946228	0.847826063632965	2.96420359611511	0.979999959468842	0.800000011920929
4.78400325775146	0.889406681060791	0.722826063632965	2.44892406463623	1	1
3.06290674209595	0.988702118396759	0.923913061618805	2.42726922035217	1	1
3.19146108627319	0.979471862316132	0.89673912525177	2.42266654968262	1	1
3.15053033828735	0.981229305267334	0.89130437374115	2.43869066238403	1	1
3.00556445121765	0.991212844848633	0.93478262424469	2.40254068374634	1	1
3.80627942085266	0.937005281448364	0.80978262424469	2.35514354705811	1	1
3.75342535972595	0.944433748722076	0.798913061618805	2.36121678352356	1	1
3.12903070449829	0.979708254337311	0.93478262424469	2.34494924545288	1	1
3.88766145706177	0.931651771068573	0.81521737575531	2.38129830360413	1	1
3.25962829589844	0.968993663787842	0.89673912525177	2.36254596710205	1	1
3.40690636634827	0.959792852401733	0.83152174949646	2.31539273262024	1	1
2.9712233543396	0.9878751039505	0.89673912525177	3.20745325088501	0.955000042915344	0.699999988079071
4.66918706893921	0.897211611270905	0.760869562625885	2.2939670085907	1	1
3.06515407562256	0.982255756855011	0.885869562625885	2.28467345237732	1	1
3.79848456382751	0.938090741634369	0.826086938381195	2.27726531028748	1	1
3.14969205856323	0.973756492137909	0.85326087474823	2.28294801712036	1	1
3.02130889892578	0.981251537799835	0.907608687877655	2.68740797042847	0.995000004768372	0.899999976158142
3.22267055511475	0.967442989349365	0.875	2.25887632369995	1	1
3.23175501823425	0.966748833656311	0.864130437374115	2.28924608230591	1	1
3.10126495361328	0.976931810379028	0.885869562625885	2.2219705581665	1	1
3.95595788955688	0.931533575057983	0.782608687877655	2.22065830230713	1	1
3.32915639877319	0.964356422424316	0.85326087474823	2.21069502830505	1	1
3.2242157459259	0.969650864601135	0.885869562625885	2.23320841789246	1	1
2.98132419586182	0.984146058559418	0.91304349899292	2.21615028381348	1	1
2.8223671913147	0.989551305770874	0.93478262424469	2.18073177337646	1	1
2.95784902572632	0.978201806545258	0.902173936367035	2.17856311798096	1	1
3.1222083568573	0.972419917583466	0.875	2.15373587608337	1	1
2.81958627700806	0.988111436367035	0.907608687877655	2.16959476470947	1	1
3.35795187950134	0.952504754066467	0.83152174949646	2.14873552322388	1	1
3.70280790328979	0.931075692176819	0.81521737575531	2.21921896934509	1	1
2.94790744781494	0.976466476917267	0.89130437374115	2.11284160614014	1	1
3.14245343208313	0.961875379085541	0.85326087474823	2.10244917869568	1	1
3.4660439491272	0.945327281951904	0.798913061618805	2.1015145778656	1	1
2.7842812538147	0.985150337219238	0.91304349899292	2.12462377548218	1	1
2.69412755966187	0.991323590278625	0.907608687877655	2.46378183364868	0.995000004768372	0.899999976158142
3.72687435150146	0.939227879047394	0.847826063632965	2.06349754333496	1	1
2.79355216026306	0.98240339756012	0.885869562625885	2.0450222492218	1	1
3.1278862953186	0.966512560844421	0.869565188884735	2.04553771018982	1	1
3.47425937652588	0.951891839504242	0.85326087474823	2.05741119384766	1	1
3.61524176597595	0.932087361812592	0.804347813129425	2.60571885108948	0.994999945163727	0.899999976158142
3.20245790481567	0.952490031719208	0.869565188884735	2.03147649765015	1	1
2.77458119392395	0.983902454376221	0.89673912525177	2.02930450439453	1	1
2.89346742630005	0.973291277885437	0.89673912525177	2.01030325889587	1	1
2.83821082115173	0.975927352905273	0.902173936367035	2.0291063785553	1	1
2.73078060150146	0.982307434082031	0.907608687877655	1.99044251441956	1	1
3.01121211051941	0.967804849147797	0.85326087474823	1.99414324760437	1	1
3.23647284507751	0.952009975910187	0.81521737575531	2.07198309898376	1	1
3.27158427238464	0.949720859527588	0.875	1.96804845333099	1	1
2.70040512084961	0.984411954879761	0.89673912525177	1.96460568904877	1	1
2.84723520278931	0.973911583423615	0.880434811115265	1.96688902378082	1	1
2.59621667861938	0.9888054728508	0.902173936367035	2.79897117614746	0.965000033378601	0.899999976158142
3.03377389907837	0.957983791828156	0.804347813129425	3.54372549057007	0.899999976158142	0.800000011920929
3.7037980556488	0.925574481487274	0.864130437374115	2.04285073280334	1	1
2.86410069465637	0.976030826568604	0.85869562625885	2.07289600372314	1	1
3.53706789016724	0.930736124515533	0.81521737575531	1.93346691131592	1	1
2.6101930141449	0.985630333423615	0.91847825050354	1.9285728931427	1	1
2.50156831741333	0.992505073547363	0.93478262424469	2.56351494789124	0.985000014305115	0.899999976158142
2.72960305213928	0.976215422153473	0.885869562625885	1.89536356925964	1	1
2.76539278030396	0.975476980209351	0.875	1.88238167762756	1	1
3.00128149986267	0.961011350154877	0.847826063632965	1.98149108886719	1	1
2.5728132724762	0.986080765724182	0.89130437374115	1.86757373809814	1	1
2.59184145927429	0.985718965530396	0.902173936367035	2.38792443275452	0.995000004768372	0.899999976158142
3.54092168807983	0.926010131835938	0.826086938381195	2.09343361854553	1	1
2.66555142402649	0.97921347618103	0.89673912525177	2.00341320037842	1	1
2.87774300575256	0.963684439659119	0.880434811115265	2.09065866470337	1	1
3.32979846000671	0.941841900348663	0.847826063632965	2.04857778549194	1	1
3.32089853286743	0.934501886367798	0.820652186870575	1.82794117927551	1	1
2.61728811264038	0.978903293609619	0.89130437374115	1.83015596866608	1	1
3.26817083358765	0.942661583423615	0.804347813129425	2.160395860672	1	1
2.89004182815552	0.95968222618103	0.869565188884735	1.83848357200623	1	1
2.44037461280823	0.989876270294189	0.91847825050354	1.84801602363586	1	1
2.79948425292969	0.966926097869873	0.875	1.84413492679596	1	1
2.5886652469635	0.979649126529694	0.902173936367035	1.78385043144226	1	1
2.51063394546509	0.98393189907074	0.89673912525177	1.77424597740173	1	1
3.08259749412537	0.94334089756012	0.85869562625885	1.79711318016052	1	1
2.98949122428894	0.957149386405945	0.83695650100708	1.8537654876709	1	1
2.6249692440033	0.974539160728455	0.864130437374115	1.80931258201599	1	1
2.63748383522034	0.973556995391846	0.869565188884735	1.81937825679779	1	1
2.89226365089417	0.95334655046463	0.875	1.74669075012207	1	1
2.35576272010803	0.99195122718811	0.923913061618805	1.8552839756012	1	1
3.20924186706543	0.93425840139389	0.77173912525177	1.734219789505	1	1
2.32791328430176	0.992711782455444	0.93478262424469	2.0575840473175	0.994999945163727	0.899999976158142
2.74982142448425	0.962421774864197	0.864130437374115	1.71702551841736	1	1
3.01240396499634	0.957614600658417	0.864130437374115	1.7457822561264	1	1
2.4300000667572	0.984404504299164	0.902173936367035	2.57339572906494	0.970000088214874	0.899999976158142
2.69617080688477	0.966519892215729	0.864130437374115	1.71077609062195	1	1
2.9098060131073	0.950843334197998	0.820652186870575	1.70731317996979	1	1
2.31367444992065	0.991013407707214	0.929347813129425	1.70055866241455	1	1
2.50366425514221	0.978401184082031	0.869565188884735	2.27246999740601	0.985000014305115	0.899999976158142
2.87431859970093	0.952549040317535	0.782608687877655	1.67351078987122	1	1
2.33193612098694	0.987358212471008	0.94021737575531	1.66259121894836	1	1
2.37611627578735	0.985504806041718	0.902173936367035	2.81828880310059	0.940000057220459	0.800000011920929
2.75911593437195	0.957422614097595	0.869565188884735	1.64329814910889	1	1
2.31447505950928	0.989145159721375	0.902173936367035	1.87422108650208	1	1
2.5814573764801	0.970773220062256	0.85869562625885	1.62472116947174	1	1
2.86947011947632	0.950976192951202	0.820652186870575	1.63470840454102	1	1
2.57837462425232	0.972781777381897	0.89673912525177	1.65146863460541	1	1
2.24207139015198	0.989204287528992	0.923913061618805	1.64395308494568	1	1
2.24963188171387	0.989374101161957	0.91304349899292	2.19549703598022	0.990000009536743	0.899999976158142
3.41217613220215	0.914572060108185	0.755434811115265	1.59277749061584	1	1
2.80584907531738	0.950666069984436	0.869565188884735	1.59372329711914	1	1
2.25566291809082	0.988724291324615	0.91847825050354	1.57624113559723	1	1
2.37813186645508	0.981281042098999	0.89673912525177	1.57717943191528	1	1
2.23723030090332	0.989041805267334	0.91304349899292	1.62730062007904	1	1
3.19091820716858	0.922561705112457	0.78804349899292	1.58475947380066	1	1
2.88563561439514	0.958567082881927	0.880434811115265	1.55646085739136	1	1
2.36173677444458	0.976207971572876	0.902173936367035	1.55173766613007	1	1
2.29661798477173	0.981546878814697	0.902173936367035	1.59848737716675	1	1
3.09535717964172	0.931703388690948	0.798913061618805	1.550501704216	1	1
2.71575307846069	0.952357053756714	0.864130437374115	1.5422465801239	1	1
2.14972877502441	0.990954339504242	0.91304349899292	1.53457522392273	1	1
2.41721773147583	0.977108955383301	0.89130437374115	1.53102803230286	1	1
2.82047605514526	0.948856949806213	0.85869562625885	1.65332055091858	1	1
2.23085403442383	0.983799040317535	0.902173936367035	1.52152800559998	1	1
2.37388730049133	0.975521326065063	0.89673912525177	1.54577147960663	1	1
2.08651280403137	0.993531465530396	0.929347813129425	1.51010870933533	1	1
2.09742331504822	0.993066191673279	0.91847825050354	1.58938002586365	1	1
3.45535588264465	0.916063606739044	0.76630437374115	1.54509806632996	1	1
2.32025408744812	0.974716544151306	0.89130437374115	1.50840902328491	1	1
2.68362784385681	0.951788425445557	0.81521737575531	1.55550920963287	1	1
2.08728623390198	0.991109490394592	0.91847825050354	1.48589134216309	1	1
2.28753304481506	0.977426528930664	0.902173936367035	1.47235536575317	1	1
2.46422410011292	0.965116918087006	0.875	1.47571277618408	1	1
2.07802891731262	0.990791797637939	0.907608687877655	1.85158705711365	0.995000004768372	0.899999976158142
3.08219313621521	0.925796031951904	0.755434811115265	1.47877097129822	1	1
2.59509491920471	0.963839471340179	0.89130437374115	1.59693789482117	1	1
2.23360443115234	0.978253483772278	0.902173936367035	1.44727373123169	1	1
2.44100046157837	0.967671930789948	0.85326087474823	1.45550584793091	1	1
2.04571509361267	0.992800414562225	0.93478262424469	1.44966161251068	1	1
2.11660432815552	0.987299144268036	0.91304349899292	3.37936902046204	0.850000023841858	0.699999988079071
2.67971658706665	0.954483568668365	0.875	1.68485486507416	1	1
3.08727359771729	0.930551528930664	0.79347825050354	1.52927076816559	1	1
2.39088678359985	0.969097077846527	0.875	1.43443536758423	1	1
2.33088874816895	0.972914755344391	0.875	1.4397634267807	1	1
2.00743627548218	0.992431163787842	0.94021737575531	1.54436242580414	1	1
2.20458912849426	0.977322995662689	0.89673912525177	1.47104322910309	1	1
2.64701914787292	0.950518429279327	0.847826063632965	1.59930527210236	1	1
3.55408930778503	0.901228725910187	0.760869562625885	1.49125003814697	1	1
2.21536087989807	0.976082503795624	0.89673912525177	1.41028881072998	1	1
2.22886872291565	0.977832555770874	0.869565188884735	1.40480065345764	1	1
2.11892509460449	0.981864392757416	0.907608687877655	1.40125203132629	1	1
2.13228344917297	0.979545772075653	0.907608687877655	1.44201588630676	1	1
2.3270583152771	0.969134032726288	0.85869562625885	1.38228797912598	1	1
2.48163533210754	0.9594606757164	0.85869562625885	1.73727297782898	0.995000004768372	0.899999976158142
2.45908546447754	0.96287214756012	0.847826063632965	1.37780392169952	1	1
2.03875327110291	0.987638831138611	0.902173936367035	1.52855539321899	1	1
2.07084465026855	0.983555376529694	0.902173936367035	1.37346482276917	1	1
2.29169940948486	0.968705654144287	0.880434811115265	1.35722017288208	1	1
2.33661913871765	0.972154140472412	0.875	1.3606915473938	1	1
2.13267421722412	0.981074273586273	0.89130437374115	1.35664772987366	1	1
2.09622383117676	0.981502532958984	0.89130437374115	1.35950660705566	1	1
2.68885898590088	0.948901236057281	0.847826063632965	1.35548210144043	1	1
2.54922199249268	0.961483895778656	0.83152174949646	1.34282970428467	1	1
2.45582032203674	0.956477403640747	0.885869562625885	1.34565448760986	1	1
2.12044811248779	0.981753587722778	0.880434811115265	1.34369122982025	1	1
2.05170798301697	0.982506811618805	0.89673912525177	1.35131549835205	1	1
3.08180975914001	0.937536954879761	0.804347813129425	1.3485187292099	1	1
2.55027031898499	0.951175570487976	0.83152174949646	1.33463430404663	1	1
2.08567881584167	0.981177568435669	0.89673912525177	1.32878470420837	1	1
1.96146476268768	0.985792756080627	0.94021737575531	1.33782207965851	1	1
1.89652514457703	0.992844700813293	0.945652186870575	1.31867265701294	1	1
2.0408878326416	0.983038485050201	0.89673912525177	1.3083176612854	1	1
2.05599212646484	0.98131799697876	0.880434811115265	1.36745238304138	1	1
2.24115514755249	0.96790087223053	0.902173936367035	1.29809165000916	1	1
2.23798370361328	0.970042288303375	0.85869562625885	1.29687297344208	1	1
2.14470410346985	0.974723875522614	0.89673912525177	2.19493937492371	0.967499971389771	0.899999976158142
2.62291693687439	0.949558436870575	0.85326087474823	1.39409160614014	1	1
1.97544181346893	0.985748410224915	0.91304349899292	1.28567481040955	1	1
2.01960015296936	0.984936237335205	0.880434811115265	1.28021955490112	1	1
2.25396180152893	0.965648591518402	0.880434811115265	1.5011293888092	1	1
2.02983570098877	0.978570997714996	0.93478262424469	1.29295492172241	1	1
1.94448924064636	0.984773755073547	0.907608687877655	1.25475239753723	1	1
2.28386807441711	0.967605412006378	0.869565188884735	1.25896000862122	1	1
2.89249753952026	0.951899111270905	0.83152174949646	1.25759732723236	1	1
1.94016861915588	0.986523747444153	0.91304349899292	1.29111313819885	1	1
1.83992457389832	0.992290854454041	0.93478262424469	1.24717450141907	1	1
2.08168983459473	0.978002429008484	0.89130437374115	1.2646951675415	1	1
2.16031622886658	0.974568784236908	0.880434811115265	1.26036596298218	1	1
2.20743346214294	0.970854580402374	0.847826063632965	1.39195036888123	1	1
2.12628984451294	0.970234215259552	0.885869562625885	1.25857925415039	1	1
1.95357084274292	0.980764031410217	0.907608687877655	1.22569894790649	1	1
1.96993160247803	0.981421291828156	0.91847825050354	1.21694397926331	1	1
3.02388143539429	0.916595339775085	0.798913061618805	1.22150993347168	1	1
1.9669177532196	0.983754694461823	0.91847825050354	1.22015047073364	1	1
2.24409818649292	0.959763467311859	0.885869562625885	1.21381533145905	1	1
2.04489016532898	0.976385295391083	0.885869562625885	1.20697212219238	1	1
1.83987712860107	0.990651488304138	0.923913061618805	1.48060822486877	0.995000004768372	0.899999976158142
3.08430671691895	0.924791693687439	0.83695650100708	1.20692801475525	1	1
2.58188986778259	0.939789116382599	0.85326087474823	1.20629191398621	1	1
1.79279029369354	0.99167799949646	0.91304349899292	1.19949078559875	1	1
1.83998882770538	0.987195730209351	0.929347813129425	1.19089126586914	1	1
2.02996802330017	0.975159406661987	0.902173936367035	1.19033217430115	1	1
2.18128824234009	0.972597122192383	0.875	1.19372618198395	1	1
2.39059019088745	0.962288737297058	0.847826063632965	1.20187163352966	1	1
1.78546702861786	0.9916632771492	0.91847825050354	1.21833872795105	1	1
1.87430453300476	0.984271585941315	0.907608687877655	1.18165946006775	1	1
1.83733522891998	0.986966848373413	0.91847825050354	1.1742091178894	1	1
1.83658373355865	0.985482633113861	0.91304349899292	1.17097759246826	1	1
2.14792990684509	0.965198218822479	0.880434811115265	1.58688390254974	0.995000004768372	0.899999976158142
3.09004616737366	0.909026503562927	0.722826063632965	1.16590762138367	1	1
2.96258473396301	0.917784154415131	0.804347813129425	1.19590520858765	1	1
1.72315061092377	0.993383765220642	0.929347813129425	1.17829060554504	1	1
1.72490096092224	0.993693828582764	0.929347813129425	1.19836330413818	1	1
1.72356677055359	0.992977678775787	0.94021737575531	1.16294467449188	1	1
1.73858392238617	0.992128372192383	0.93478262424469	1.17595052719116	1	1
1.86324107646942	0.982174456119537	0.91847825050354	1.22687864303589	1	1
1.85199153423309	0.985209465026855	0.89673912525177	1.25673294067383	0.999999940395355	1
2.81571531295776	0.933165490627289	0.79347825050354	1.14850044250488	1	1
1.73543322086334	0.991190671920776	0.91304349899292	1.15400540828705	1	1
1.7676717042923	0.988103985786438	0.93478262424469	1.13258159160614	1	1
2.22047114372253	0.960221230983734	0.83695650100708	1.16620755195618	1	1
2.22351217269897	0.960036635398865	0.864130437374115	1.14845514297485	1	1
1.89017856121063	0.981443464756012	0.880434811115265	1.13980996608734	1	1
1.8038055896759	0.984744250774384	0.89673912525177	1.13827431201935	1	1
1.81320452690125	0.986228466033936	0.929347813129425	1.14445495605469	1	1
1.71829891204834	0.990083038806915	0.94021737575531	2.08623909950256	0.959999978542328	0.899999976158142
2.36103892326355	0.953095436096191	0.869565188884735	1.13796591758728	1	1
1.77376222610474	0.989108324050903	0.929347813129425	1.11339402198792	1	1
2.30704355239868	0.949543714523315	0.83152174949646	1.14600276947021	1	1
1.71379768848419	0.991006076335907	0.93478262424469	1.38019990921021	1	1
3.415860414505	0.900468170642853	0.777173936367035	1.10920858383179	1	1
2.13051843643188	0.961011290550232	0.89673912525177	1.12156963348389	1	1
1.69188439846039	0.991006016731262	0.91847825050354	1.10245990753174	1	1
1.99529683589935	0.970551729202271	0.89130437374115	1.09973239898682	1	1
1.61260724067688	0.995200216770172	0.94021737575531	1.10300827026367	1	1
1.68681681156158	0.991530299186707	0.94021737575531	1.11059474945068	1	1
3.04380464553833	0.917643845081329	0.77173912525177	1.09366822242737	1	1
1.60465693473816	0.994963943958282	0.945652186870575	1.11088347434998	1	1
1.86037480831146	0.978371620178223	0.880434811115265	1.14103531837463	1	1
1.89022743701935	0.974908471107483	0.91304349899292	1.07893037796021	1	1
1.81121599674225	0.983260035514832	0.902173936367035	1.07881617546082	1	1
2.49820327758789	0.938356578350067	0.83695650100708	1.22324299812317	1	1
2.69867253303528	0.927642107009888	0.77173912525177	1.0804398059845	1	1
1.60766398906708	0.994757175445557	0.91847825050354	1.07566928863525	1	1
1.65349280834198	0.991197943687439	0.929347813129425	1.0930540561676	1	1
2.70279121398926	0.928461670875549	0.842391312122345	1.22158169746399	1	1
1.80230617523193	0.981812715530396	0.89130437374115	1.07054734230042	1	1
1.81773710250854	0.982351720333099	0.89130437374115	1.06207156181335	1	1
1.66464531421661	0.991249740123749	0.93478262424469	1.07689166069031	1	1
1.71702909469604	0.989041805267334	0.923913061618805	1.05444431304932	1	1
1.89427781105042	0.976916968822479	0.89130437374115	1.06135416030884	1	1
2.03069710731506	0.969606518745422	0.89673912525177	1.06115007400513	1	1
2.7509753704071	0.923757970333099	0.842391312122345	1.65732550621033	0.980000019073486	0.899999976158142
1.89389050006866	0.975381076335907	0.85869562625885	1.40735101699829	0.995000004768372	0.899999976158142
2.08300232887268	0.963846921920776	0.902173936367035	1.07021594047546	1	1
1.6568900346756	0.990636765956879	0.907608687877655	1.25203144550323	1	1
2.21332406997681	0.957452237606049	0.885869562625885	1.0581226348877	1	1
2.30939388275146	0.956957340240479	0.83695650100708	1.05118274688721	1	1
1.81867444515228	0.983525812625885	0.902173936367035	1.04642462730408	1	1
2.17834162712097	0.952187240123749	0.885869562625885	1.06778430938721	1	1
1.62548184394836	0.990895211696625	0.923913061618805	1.04051506519318	1	1
1.9515905380249	0.974487543106079	0.85326087474823	1.0413224697113	1	1
2.04479789733887	0.967435479164124	0.885869562625885	1.04564905166626	1	1
1.75474667549133	0.985246360301971	0.902173936367035	1.22053670883179	1	1
1.6180431842804	0.989699006080627	0.93478262424469	1.17349982261658	1	1
2.09694361686707	0.965508341789246	0.875	1.04259943962097	1	1
1.56253862380981	0.993103086948395	0.91304349899292	1.02817821502686	1	1
2.09409165382385	0.963064074516296	0.85869562625885	1.06772899627686	1	1
1.75472486019135	0.982196688652039	0.902173936367035	1.02359294891357	1	1
2.23761487007141	0.957356095314026	0.85869562625885	1.02904582023621	1	1
1.76129186153412	0.986280083656311	0.907608687877655	1.02346205711365	1	1
1.87016713619232	0.973992824554443	0.89673912525177	1.0348014831543	1	1
1.67396152019501	0.988849818706512	0.907608687877655	1.05953919887543	1	1
1.68066823482513	0.98811137676239	0.907608687877655	1.37564563751221	0.995000004768372	0.899999976158142
2.18611335754395	0.955059766769409	0.864130437374115	1.05434107780457	1	1
1.54470527172089	0.993900656700134	0.923913061618805	1.01626634597778	1	1
1.64658808708191	0.989529132843018	0.91304349899292	1.02828526496887	1	1
1.90802335739136	0.971386194229126	0.869565188884735	1.03167963027954	1	1
1.66174519062042	0.987380385398865	0.885869562625885	1.01228892803192	1	1
1.95328938961029	0.969362854957581	0.85869562625885	1.00641012191772	1	1
2.09212803840637	0.956566035747528	0.885869562625885	1.070641040802	1	1
1.81534457206726	0.979767203330994	0.864130437374115	1.00832462310791	1	1
1.51080906391144	0.995104312896729	0.93478262424469	1.00996077060699	1	1
1.52574956417084	0.992807805538177	0.945652186870575	0.996703922748566	1	1
1.52637219429016	0.993590474128723	0.945652186870575	1.05135631561279	1	1
1.57429802417755	0.988968014717102	0.94021737575531	0.981421291828156	1	1
2.55456113815308	0.933645367622375	0.804347813129425	1.00693106651306	1	1
1.80606830120087	0.981539487838745	0.923913061618805	0.984042286872864	1	1
1.69020092487335	0.982994139194489	0.89673912525177	0.981408298015594	1	1
1.71095204353333	0.98539400100708	0.89673912525177	1.00775408744812	1	1
1.69971311092377	0.984552204608917	0.89673912525177	0.985121130943298	1	1
1.79138648509979	0.977802991867065	0.875	1.34594392776489	0.995000004768372	0.899999976158142
2.30420446395874	0.952637612819672	0.826086938381195	1.39025902748108	0.995000004768372	0.899999976158142
2.14019393920898	0.954166173934937	0.864130437374115	0.993755340576172	1	1
