loss	auc	accuracy	val_loss	val_auc	val_accuracy
71.7982864379883	0.468176126480103	0.289617478847504	18.5763168334961	0.869999945163727	0.800000011920929
41.490592956543	0.489459216594696	0.300546437501907	22.5289535522461	0.589999973773956	0.400000005960464
34.8166160583496	0.524694740772247	0.349726766347885	19.273983001709	0.799999952316284	0.699999988079071
33.9338912963867	0.574740946292877	0.393442630767822	15.3328304290771	1	1
29.4269523620605	0.615970849990845	0.431694000959396	17.017578125	0.882499933242798	0.800000011920929
24.0811901092529	0.615985870361328	0.431694000959396	15.609130859375	0.985000014305115	0.899999976158142
30.5748653411865	0.618285119533539	0.448087424039841	36.329891204834	0.324999988079071	0
24.8586883544922	0.666457712650299	0.475409835577011	16.9841823577881	0.884999930858612	0.899999976158142
22.1966819763184	0.711226046085358	0.573770463466644	27.7406826019287	0.400000005960464	0
24.1627368927002	0.686553776264191	0.519125699996948	25.7967185974121	0.395000010728836	0.200000002980232
22.4156475067139	0.702880024909973	0.540983617305756	48.5112648010254	0.074999988079071	0
26.0381412506104	0.68980860710144	0.535519123077393	15.2357482910156	0.98499995470047	0.899999976158142
20.8861064910889	0.756061732769012	0.601092875003815	22.8294467926025	0.475000023841858	0.400000005960464
24.9427242279053	0.700700223445892	0.546448111534119	14.0586166381836	1	1
20.3547554016113	0.753023386001587	0.562841534614563	30.1723976135254	0.349999964237213	0.200000002980232
26.0283012390137	0.746536135673523	0.617486357688904	14.0183010101318	0.995000004768372	0.899999976158142
17.7638835906982	0.864268839359283	0.726775944232941	16.7005615234375	0.852499961853027	0.800000011920929
18.9489078521729	0.767132461071014	0.590163946151733	13.5369739532471	1	1
19.9876022338867	0.766490519046783	0.590163946151733	14.2633638381958	0.985000014305115	0.899999976158142
16.484935760498	0.859655380249023	0.732240438461304	13.2893190383911	1	1
18.6476497650146	0.80068826675415	0.661202192306519	13.1575031280518	1	1
15.9218082427979	0.874973833560944	0.732240438461304	13.0292253494263	1	1
24.0884609222412	0.676214635372162	0.508196711540222	12.9867420196533	1	1
14.5420227050781	0.936986804008484	0.841530025005341	15.2938976287842	0.854999959468842	0.699999988079071
18.4394645690918	0.809444904327393	0.688524603843689	15.1798067092896	0.867500007152557	0.699999988079071
17.6141757965088	0.835229516029358	0.655737698078156	12.6204223632812	1	1
14.5752325057983	0.92139208316803	0.781420767307281	12.4903659820557	1	1
16.4375305175781	0.839021801948547	0.666666686534882	12.3815221786499	1	1
20.941333770752	0.769215285778046	0.573770463466644	12.305721282959	1	1
18.0173244476318	0.830765247344971	0.688524603843689	12.2085161209106	1	1
20.3977222442627	0.817895472049713	0.710382521152496	12.4323501586914	1	1
17.221019744873	0.828421294689178	0.6721311211586	12.1174373626709	1	1
14.7278528213501	0.882931649684906	0.74316942691803	11.9749183654785	1	1
15.1934690475464	0.88217031955719	0.732240438461304	11.8603973388672	1	1
14.3417711257935	0.904782176017761	0.781420767307281	11.7548675537109	1	1
14.4703464508057	0.887589991092682	0.74316942691803	12.3005380630493	0.985000014305115	0.899999976158142
16.7430553436279	0.829279839992523	0.721311450004578	11.5659189224243	1	1
13.5386333465576	0.918085098266602	0.819672107696533	11.4520072937012	1	1
20.0021381378174	0.779524564743042	0.617486357688904	17.186840057373	0.587499976158142	0.400000005960464
13.2321004867554	0.931880593299866	0.830601096153259	12.2390289306641	0.965000033378601	0.899999976158142
21.0191917419434	0.683873891830444	0.540983617305756	19.8905830383301	0.519999980926514	0.300000011920929
16.5419788360596	0.856729030609131	0.693989098072052	11.1854019165039	1	1
13.1513233184814	0.917428076267242	0.775956273078918	11.1191501617432	1	1
12.409029006958	0.951215326786041	0.830601096153259	11.0289764404297	1	1
23.242301940918	0.784100711345673	0.677595615386963	14.2467422485352	0.797500014305115	0.5
13.4895429611206	0.896555721759796	0.786885261535645	10.8900489807129	1	1
17.1815414428711	0.834669530391693	0.650273203849792	10.8798446655273	1	1
13.2628831863403	0.899392306804657	0.759562849998474	10.7785415649414	1	1
14.0629940032959	0.863432765007019	0.726775944232941	13.3970279693604	0.837499976158142	0.699999988079071
16.7008590698242	0.859297156333923	0.770491778850555	10.6698694229126	1	1
13.2539901733398	0.912135303020477	0.770491778850555	10.6140041351318	1	1
12.3449363708496	0.942085444927216	0.830601096153259	10.5381641387939	1	1
13.1686601638794	0.901258647441864	0.781420767307281	10.5017948150635	1	1
12.6779012680054	0.909365773200989	0.781420767307281	10.4681758880615	1	1
13.4354162216187	0.90941047668457	0.808743178844452	10.4371337890625	1	1
12.6946096420288	0.921601176261902	0.781420767307281	10.2767429351807	1	1
15.081262588501	0.820605278015137	0.661202192306519	10.2298107147217	1	1
17.5015602111816	0.840664207935333	0.726775944232941	10.4917459487915	1	1
11.1088733673096	0.969310760498047	0.879781424999237	10.1688556671143	1	1
12.1270008087158	0.925229251384735	0.803278684616089	10.0567417144775	1	1
11.0594472885132	0.968370139598846	0.836065590381622	9.97618961334229	1	1
13.2687683105469	0.889672756195068	0.765027344226837	9.9263973236084	1	1
13.0162324905396	0.891322433948517	0.786885261535645	9.85269737243652	1	1
11.594518661499	0.942189931869507	0.819672107696533	9.77263355255127	1	1
12.4600734710693	0.900049269199371	0.74316942691803	9.7434196472168	1	1
14.0332870483398	0.889904201030731	0.770491778850555	9.72480201721191	1	1
11.3354320526123	0.947363376617432	0.846994519233704	9.67776489257812	1	1
12.3611106872559	0.901519894599915	0.759562849998474	9.64354705810547	1	1
12.9549016952515	0.858998537063599	0.737704932689667	9.64135551452637	1	1
11.4426040649414	0.933985888957977	0.830601096153259	9.5720386505127	1	1
10.5489177703857	0.967354953289032	0.846994519233704	9.51769733428955	1	1
12.1820211410522	0.895696997642517	0.781420767307281	9.51354885101318	1	1
14.3671741485596	0.861275434494019	0.693989098072052	9.43977165222168	1	1
10.8309154510498	0.952432096004486	0.852459013462067	15.9203567504883	0.627499997615814	0.300000011920929
18.2950801849365	0.847860395908356	0.726775944232941	9.3622989654541	1	1
12.1535272598267	0.922280371189117	0.830601096153259	9.3748722076416	1	1
10.2729301452637	0.972147524356842	0.874316930770874	9.25534343719482	1	1
9.90438079833984	0.984465003013611	0.890710353851318	9.1961030960083	1	1
13.0297555923462	0.861976981163025	0.715847015380859	9.18451499938965	1	1
10.8268613815308	0.938726186752319	0.803278684616089	9.12046337127686	1	1
13.051248550415	0.871442914009094	0.765027344226837	9.09237861633301	1	1
9.97075939178467	0.972744822502136	0.890710353851318	10.3558149337769	0.920000016689301	0.800000011920929
10.8741912841797	0.920443952083588	0.770491778850555	8.98227882385254	1	1
11.4118061065674	0.912381768226624	0.808743178844452	8.92575073242188	1	1
10.3840341567993	0.948236644268036	0.836065590381622	8.87817478179932	1	1
10.1473712921143	0.962749004364014	0.863388001918793	8.82748031616211	1	1
10.8906774520874	0.911881506443024	0.781420767307281	10.7380352020264	0.925000011920929	0.699999988079071
11.2784271240234	0.91082888841629	0.770491778850555	8.74722194671631	1	1
9.72875785827637	0.967638552188873	0.8852459192276	8.69212532043457	1	1
11.2061138153076	0.910134613513947	0.814207673072815	11.014687538147	0.774999976158142	0.5
11.0497722625732	0.94555675983429	0.874316930770874	8.58566665649414	1	1
10.4486389160156	0.930678725242615	0.792349755764008	8.54404258728027	1	1
12.4176740646362	0.85375052690506	0.754098355770111	8.5025691986084	1	1
9.97904968261719	0.94993132352829	0.863388001918793	8.46426010131836	1	1
11.2854442596436	0.912852048873901	0.765027344226837	8.42150402069092	1	1
9.34724044799805	0.972386419773102	0.896174848079681	8.36920928955078	1	1
14.1431894302368	0.849241435527802	0.721311450004578	8.34070205688477	1	1
10.3251438140869	0.91400158405304	0.825136601924896	9.07737922668457	0.977499961853027	0.899999976158142
10.3248023986816	0.927170097827911	0.786885261535645	8.55818557739258	0.995000004768372	0.899999976158142
10.0552024841309	0.941577792167664	0.808743178844452	8.24128246307373	1	1
9.99494361877441	0.930977284908295	0.792349755764008	8.20481300354004	1	1
9.19673252105713	0.965615570545197	0.8852459192276	8.14860057830811	1	1
9.34150314331055	0.960434794425964	0.863388001918793	8.0926456451416	1	1
14.9171695709229	0.753837049007416	0.562841534614563	10.9596681594849	0.779999971389771	0.5
12.1710567474365	0.903640151023865	0.803278684616089	8.07230186462402	1	1
8.78353023529053	0.980194926261902	0.912568330764771	8.03169059753418	1	1
8.59945774078369	0.989548802375793	0.907103836536407	8.00599098205566	1	1
8.85478687286377	0.973088204860687	0.896174848079681	7.93524026870728	1	1
9.40499019622803	0.947908222675323	0.874316930770874	14.1730728149414	0.562499940395355	0.300000011920929
11.0425596237183	0.905775010585785	0.819672107696533	7.89525699615479	1	1
9.4999475479126	0.932209134101868	0.814207673072815	7.81201028823853	1	1
8.59989261627197	0.977828562259674	0.8852459192276	7.7626633644104	1	1
8.67977809906006	0.97465592622757	0.863388001918793	7.70650100708008	1	1
8.48665237426758	0.976350426673889	0.912568330764771	7.66426610946655	1	1
8.92651653289795	0.955194234848022	0.852459013462067	7.63362407684326	1	1
10.4733610153198	0.919436097145081	0.808743178844452	7.55508518218994	1	1
9.25576591491699	0.93615061044693	0.814207673072815	7.51564121246338	1	1
10.7647294998169	0.884193360805511	0.786885261535645	7.53650045394897	1	1
8.33659648895264	0.973580837249756	0.918032765388489	7.46043109893799	1	1
8.21235942840576	0.97973221540451	0.907103836536407	7.42245864868164	1	1
8.58877754211426	0.955313742160797	0.879781424999237	7.36802005767822	1	1
9.72827816009521	0.906364738941193	0.770491778850555	7.36294937133789	1	1
12.3539209365845	0.86141711473465	0.726775944232941	7.33102130889893	1	1
9.15353202819824	0.946840703487396	0.85792350769043	7.77971935272217	0.995000004768372	0.899999976158142
9.8519229888916	0.901034712791443	0.814207673072815	7.29254913330078	1	1
7.87261152267456	0.987689971923828	0.901639342308044	7.25164890289307	1	1
8.8570499420166	0.939913034439087	0.852459013462067	7.23046207427979	1	1
7.86501216888428	0.98488312959671	0.918032765388489	8.34153270721436	0.935000061988831	0.699999988079071
8.9111852645874	0.938756048679352	0.841530025005341	7.14292049407959	1	1
8.03076171875	0.967198252677917	0.901639342308044	7.09346294403076	1	1
7.97072982788086	0.97237902879715	0.896174848079681	7.02971363067627	1	1
9.81609630584717	0.891807794570923	0.74316942691803	7.00676870346069	1	1
9.81787395477295	0.935030996799469	0.836065590381622	6.98347997665405	1	1
7.95133876800537	0.966630756855011	0.896174848079681	6.94984292984009	1	1
11.608118057251	0.849002718925476	0.732240438461304	12.085410118103	0.627499997615814	0.5
9.68155860900879	0.892322897911072	0.759562849998474	7.6121187210083	0.979999959468842	0.800000011920929
8.47910022735596	0.938852965831757	0.786885261535645	6.95417499542236	1	1
7.70095634460449	0.978448152542114	0.890710353851318	6.87342834472656	1	1
7.65826559066772	0.979321599006653	0.896174848079681	6.87989187240601	1	1
8.41022205352783	0.951872289180756	0.874316930770874	6.80625057220459	1	1
7.54122161865234	0.981344640254974	0.901639342308044	6.85073614120483	1	1
7.71393060684204	0.970908463001251	0.879781424999237	8.26202869415283	0.927500009536743	0.800000011920929
10.0332489013672	0.860625863075256	0.688524603843689	6.71363687515259	1	1
7.37168121337891	0.983964920043945	0.896174848079681	6.66152095794678	1	1
8.35517692565918	0.930447340011597	0.852459013462067	6.61818552017212	1	1
10.2638912200928	0.88075190782547	0.775956273078918	6.60651397705078	1	1
7.41502046585083	0.97563374042511	0.8852459192276	8.6915283203125	0.865000009536743	0.600000023841858
7.74621248245239	0.950685322284698	0.846994519233704	6.53230762481689	1	1
9.24523639678955	0.91636061668396	0.814207673072815	6.53260040283203	1	1
7.33023834228516	0.975320279598236	0.879781424999237	8.36290454864502	0.910000026226044	0.800000011920929
12.2561225891113	0.842873811721802	0.748633861541748	6.54537200927734	1	1
7.13813638687134	0.983837902545929	0.923497259616852	6.42984247207642	1	1
6.97566938400269	0.990728318691254	0.928961753845215	6.69762706756592	1	1
7.19579410552979	0.975820422172546	0.8852459192276	11.9748249053955	0.572499990463257	0.400000005960464
8.95962238311768	0.904752254486084	0.814207673072815	10.8247261047363	0.720000028610229	0.699999988079071
9.30245685577393	0.878243565559387	0.726775944232941	6.31978321075439	1	1
7.43914318084717	0.963077425956726	0.863388001918793	6.29515314102173	1	1
7.0460057258606	0.980127811431885	0.912568330764771	6.84231472015381	0.985000014305115	0.899999976158142
7.90588426589966	0.930604100227356	0.775956273078918	6.24335336685181	1	1
7.17783832550049	0.966391921043396	0.907103836536407	6.21327972412109	1	1
7.41747045516968	0.954514980316162	0.846994519233704	6.17451667785645	1	1
8.83861637115479	0.919040560722351	0.836065590381622	6.1522970199585	1	1
7.58350324630737	0.945534348487854	0.808743178844452	6.17746067047119	1	1
6.85782146453857	0.979366362094879	0.901639342308044	6.12187004089355	1	1
7.77841520309448	0.9613156914711	0.852459013462067	6.58499813079834	1	1
6.98379468917847	0.969475030899048	0.874316930770874	6.03368139266968	1	1
8.22314548492432	0.923079252243042	0.830601096153259	6.01880502700806	1	1
6.82316493988037	0.975902557373047	0.896174848079681	8.0427360534668	0.895000100135803	0.699999988079071
8.52670478820801	0.878124058246613	0.775956273078918	6.01973390579224	1	1
6.78575325012207	0.974842488765717	0.874316930770874	5.94282531738281	1	1
7.18606853485107	0.946586906909943	0.874316930770874	5.88172721862793	1	1
6.6529712677002	0.977724015712738	0.912568330764771	5.83633899688721	1	1
7.6076397895813	0.928961753845215	0.841530025005341	5.81603813171387	1	1
6.5146746635437	0.979762017726898	0.912568330764771	7.19885492324829	0.889999985694885	0.600000023841858
6.93456697463989	0.957963824272156	0.863388001918793	5.72127866744995	1	1
6.41362380981445	0.981897056102753	0.901639342308044	5.71315097808838	1	1
6.69355726242065	0.962218940258026	0.890710353851318	8.68969917297363	0.787499964237213	0.600000023841858
6.9205584526062	0.949774503707886	0.841530025005341	10.5699796676636	0.634999990463257	0.300000011920929
7.58901453018188	0.917562484741211	0.765027344226837	5.58962726593018	1	1
6.12471294403076	0.991220951080322	0.923497259616852	5.55140256881714	1	1
6.25670099258423	0.979821741580963	0.934426248073578	5.53451442718506	1	1
7.04326677322388	0.934284329414368	0.841530025005341	5.48721647262573	1	1
6.17778491973877	0.979650020599365	0.923497259616852	5.44597721099854	1	1
6.9609169960022	0.934150040149689	0.863388001918793	5.41877698898315	1	1
7.0647988319397	0.941958487033844	0.841530025005341	13.5532512664795	0.539999961853027	0.200000002980232
8.28721714019775	0.899026572704315	0.781420767307281	5.36850309371948	1	1
5.91738700866699	0.989944458007812	0.923497259616852	5.31377601623535	1	1
5.97888040542603	0.984465003013611	0.923497259616852	5.30288219451904	1	1
6.90357494354248	0.934224665164948	0.792349755764008	5.26831245422363	1	1
5.82464838027954	0.990287899971008	0.923497259616852	5.21916818618774	1	1
5.83211517333984	0.988503694534302	0.928961753845215	5.17522621154785	1	1
6.92523050308228	0.919622778892517	0.846994519233704	5.13830280303955	1	1
7.24485635757446	0.904774725437164	0.737704932689667	5.13387250900269	1	1
6.93061447143555	0.924803614616394	0.775956273078918	10.1261825561523	0.674999952316284	0.400000005960464
11.1671113967896	0.810340642929077	0.677595615386963	5.55754709243774	0.995000004768372	0.899999976158142
6.07359981536865	0.968534469604492	0.846994519233704	5.2231240272522	1	1
5.76810836791992	0.985510170459747	0.907103836536407	5.10980367660522	1	1
5.66366624832153	0.989429354667664	0.918032765388489	5.08726978302002	1	1
5.62075567245483	0.990496873855591	0.934426248073578	5.11591243743896	1	1
5.80184316635132	0.979635119438171	0.901639342308044	4.99021673202515	1	1
6.80395174026489	0.916815876960754	0.792349755764008	4.99459648132324	1	1
5.86943483352661	0.970296144485474	0.8852459192276	4.96531820297241	1	1
6.1009726524353	0.958740174770355	0.841530025005341	4.91223287582397	1	1
5.7402606010437	0.976477324962616	0.896174848079681	4.91720628738403	1	1
7.61104106903076	0.897593200206757	0.792349755764008	4.88153409957886	1	1
5.75870418548584	0.970490336418152	0.890710353851318	4.96585655212402	1	1
5.51072597503662	0.985719203948975	0.907103836536407	5.28144931793213	1.00000011920929	1
5.73528575897217	0.972505927085876	0.874316930770874	4.80147743225098	1	1
5.37697219848633	0.98893666267395	0.923497259616852	4.75979328155518	1	1
5.37910509109497	0.988242387771606	0.928961753845215	4.72064208984375	1	1
5.26544284820557	0.991661429405212	0.923497259616852	4.6802921295166	1	1
7.52974462509155	0.865478217601776	0.69945353269577	5.6432523727417	0.960000038146973	0.800000011920929
8.15252876281738	0.872413396835327	0.737704932689667	4.65419054031372	1	1
5.47339773178101	0.97453635931015	0.879781424999237	4.64784622192383	1	1
5.19557809829712	0.992258667945862	0.918032765388489	4.62149810791016	1	1
5.14779758453369	0.992646872997284	0.939890682697296	4.58050346374512	1	1
6.05678939819336	0.945855319499969	0.830601096153259	4.57070350646973	1	1
6.03913640975952	0.946549594402313	0.819672107696533	4.85760402679443	1	1
5.50971937179565	0.967668473720551	0.868852436542511	5.71354246139526	0.939999997615814	0.800000011920929
7.06919431686401	0.881677627563477	0.715847015380859	4.54520797729492	1	1
5.1668758392334	0.985666990280151	0.918032765388489	4.49099683761597	1	1
5.31670475006104	0.976111590862274	0.863388001918793	4.64640760421753	1	1
5.12474155426025	0.986465692520142	0.907103836536407	4.44213008880615	1	1
7.18780469894409	0.883543848991394	0.781420767307281	4.54454946517944	1	1
5.06278228759766	0.988145411014557	0.923497259616852	4.41532421112061	1	1
4.99568223953247	0.991377711296082	0.934426248073578	4.42826747894287	1	1
7.28051948547363	0.880945980548859	0.721311450004578	4.44536113739014	1	1
5.04099559783936	0.987473487854004	0.901639342308044	7.91700601577759	0.719999969005585	0.400000005960464
5.94549322128296	0.935038328170776	0.841530025005341	4.34352111816406	1	1
5.00232076644897	0.986159682273865	0.901639342308044	4.3091459274292	1	1
5.84100484848022	0.934344112873077	0.803278684616089	4.36105108261108	1	1
5.5945725440979	0.946758568286896	0.825136601924896	4.29987192153931	1	1
5.48154306411743	0.950028300285339	0.852459013462067	4.25133037567139	1	1
4.8300838470459	0.992101907730103	0.934426248073578	4.22348928451538	1	1
5.23231363296509	0.967280328273773	0.846994519233704	4.2190580368042	1	1
6.00328969955444	0.937315344810486	0.830601096153259	4.18754434585571	1	1
6.49117374420166	0.919473528862	0.85792350769043	4.17353296279907	1	1
4.80322217941284	0.985607206821442	0.923497259616852	4.15611171722412	1	1
4.71165990829468	0.992923021316528	0.928961753845215	4.1701774597168	0.999999940395355	1
4.85728979110718	0.982150912284851	0.868852436542511	4.2905387878418	1	1
5.30380582809448	0.952850222587585	0.808743178844452	4.0772762298584	1	1
4.9008846282959	0.974864900112152	0.907103836536407	4.05201196670532	1	1
5.30486965179443	0.956970930099487	0.819672107696533	4.11658573150635	1	1
5.48076581954956	0.941540539264679	0.825136601924896	4.00942802429199	1	1
5.20982885360718	0.949677467346191	0.846994519233704	3.97856521606445	1	1
4.67935848236084	0.986891269683838	0.912568330764771	4.03937530517578	1	1
5.71533346176147	0.943182945251465	0.879781424999237	3.930415391922	1	1
5.75299024581909	0.925878643989563	0.836065590381622	3.90370988845825	1	1
5.11708211898804	0.953141331672668	0.863388001918793	5.85077953338623	0.875	0.699999988079071
6.19870710372925	0.895420849323273	0.726775944232941	3.88208961486816	1	1
5.20330047607422	0.946631669998169	0.808743178844452	3.87464380264282	1	1
4.66961431503296	0.97705215215683	0.907103836536407	3.86693000793457	1	1
4.42307090759277	0.992519974708557	0.934426248073578	3.84111857414246	1	1
4.45958185195923	0.987734794616699	0.923497259616852	3.80861902236938	1	1
4.63231754302979	0.978201866149902	0.8852459192276	3.81963658332825	1	1
4.85688972473145	0.967130959033966	0.879781424999237	3.7780442237854	1	1
5.23013877868652	0.943951725959778	0.786885261535645	3.92234563827515	1	1
4.71645736694336	0.967265427112579	0.830601096153259	3.746333360672	1	1
4.98346328735352	0.949341595172882	0.836065590381622	3.7632851600647	1	1
4.34214496612549	0.98917555809021	0.912568330764771	3.70818328857422	1	1
4.91979122161865	0.960979759693146	0.868852436542511	3.68592405319214	1	1
6.11045980453491	0.916659235954285	0.775956273078918	3.68036508560181	1	1
4.935631275177	0.949707388877869	0.836065590381622	8.79193687438965	0.685000002384186	0.400000005960464
8.03668689727783	0.811587333679199	0.661202192306519	3.67886209487915	1	1
4.29691743850708	0.989377081394196	0.928961753845215	3.65559697151184	1	1
4.41215753555298	0.981031060218811	0.907103836536407	3.67744493484497	1	1
4.29771566390991	0.986286520957947	0.934426248073578	3.83876466751099	1	1
4.39226579666138	0.981322169303894	0.879781424999237	3.60015058517456	1	1
5.19594621658325	0.929558932781219	0.819672107696533	3.60659670829773	1	1
4.19461393356323	0.988794803619385	0.918032765388489	3.57279086112976	1	1
4.16716575622559	0.989302456378937	0.907103836536407	3.57082891464233	1	1
4.28457689285278	0.981210231781006	0.890710353851318	3.50873112678528	1	1
5.09887838363647	0.937046468257904	0.808743178844452	3.72843599319458	1	1
5.08740520477295	0.943765103816986	0.852459013462067	3.48383760452271	1	1
4.36249399185181	0.973409116268158	0.874316930770874	3.53825688362122	1	1
4.03754806518555	0.991303205490112	0.934426248073578	3.44490671157837	1	1
5.26103925704956	0.923258364200592	0.781420767307281	3.51000285148621	1	1
4.16040658950806	0.982524156570435	0.912568330764771	3.4304141998291	1	1
4.05696725845337	0.987570643424988	0.923497259616852	3.38959193229675	1	1
4.36618232727051	0.966892123222351	0.8852459192276	3.40182638168335	1	1
4.26980590820312	0.974461793899536	0.879781424999237	3.36856913566589	1	1
4.07008647918701	0.981075823307037	0.901639342308044	3.32271242141724	1	1
4.0664324760437	0.981284916400909	0.879781424999237	3.31816101074219	1	1
4.3782000541687	0.95582127571106	0.846994519233704	3.38798475265503	1	1
4.9699068069458	0.922250628471375	0.726775944232941	3.33024859428406	1	1
3.86512756347656	0.988317012786865	0.923497259616852	3.58854627609253	0.999999940395355	1
5.23621034622192	0.925774157047272	0.846994519233704	3.21857023239136	1	1
4.8447790145874	0.931761145591736	0.863388001918793	3.7837872505188	0.980000019073486	0.800000011920929
5.56126976013184	0.908141493797302	0.748633861541748	3.20827174186707	1	1
3.76396727561951	0.992825984954834	0.923497259616852	3.1792893409729	1	1
4.80483436584473	0.927319407463074	0.819672107696533	3.53044652938843	1	1
3.7997133731842	0.986973345279694	0.912568330764771	3.16014719009399	1	1
3.74936366081238	0.99097466468811	0.923497259616852	3.15634512901306	1	1
3.72178196907043	0.991915285587311	0.912568330764771	3.10532999038696	1	1
4.9540753364563	0.920966506004333	0.808743178844452	3.13176989555359	1	1
3.92786979675293	0.977813601493835	0.879781424999237	3.13014340400696	1	1
4.21588468551636	0.962286174297333	0.852459013462067	3.07895994186401	1	1
3.74864149093628	0.986092507839203	0.907103836536407	3.062087059021	1	1
3.5979151725769	0.993176877498627	0.945355176925659	3.21078872680664	1	1
4.10590887069702	0.958232522010803	0.85792350769043	2.99921464920044	1	1
3.52966332435608	0.994669914245605	0.956284165382385	4.67780065536499	0.897500038146973	0.699999988079071
4.07721853256226	0.958531141281128	0.841530025005341	2.93814706802368	1	1
3.64145421981812	0.984151482582092	0.890710353851318	3.00029063224792	1	1
4.22755479812622	0.947751522064209	0.85792350769043	6.68340969085693	0.769999980926514	0.400000005960464
4.78277063369751	0.915823101997375	0.830601096153259	3.01289129257202	1	1
3.9039032459259	0.964518249034882	0.890710353851318	7.26888942718506	0.759999990463257	0.400000005960464
7.99276638031006	0.807451665401459	0.710382521152496	2.9034628868103	1	1
3.69150590896606	0.976895451545715	0.868852436542511	2.87426280975342	1	1
3.74769902229309	0.971617579460144	0.8852459192276	2.87694787979126	1	1
3.41069364547729	0.994124889373779	0.939890682697296	3.04427337646484	1	1
3.85324716567993	0.96580958366394	0.863388001918793	2.84194397926331	1	1
4.13020086288452	0.944631040096283	0.841530025005341	4.14758443832397	0.934999942779541	0.699999988079071
4.47464323043823	0.933306455612183	0.85792350769043	2.83497548103333	1	1
3.3892662525177	0.993788957595825	0.918032765388489	2.85222482681274	1	1
3.59814977645874	0.982852518558502	0.907103836536407	2.83228921890259	1	1
3.35776972770691	0.992221295833588	0.918032765388489	2.7845025062561	1	1
3.88895773887634	0.95744127035141	0.874316930770874	3.03440999984741	1	1
3.49219942092896	0.984509885311127	0.890710353851318	2.84345149993896	1	1
3.58820223808289	0.979388773441315	0.896174848079681	2.73705911636353	1	1
3.67791724205017	0.974603593349457	0.8852459192276	2.80980825424194	1	1
3.46302199363708	0.981157958507538	0.907103836536407	2.71959447860718	1	1
3.27640318870544	0.992027223110199	0.928961753845215	2.67827558517456	1	1
4.7693305015564	0.908552050590515	0.814207673072815	2.9124801158905	1	1
3.70823121070862	0.963420808315277	0.8852459192276	2.74222612380981	1	1
3.43587732315063	0.974110901355743	0.923497259616852	2.74234509468079	1	1
3.2861635684967	0.989459216594696	0.901639342308044	2.84265780448914	1	1
3.76492190361023	0.956328988075256	0.85792350769043	2.77678656578064	1	1
3.77105021476746	0.956015408039093	0.85792350769043	2.65974378585815	1	1
3.48742032051086	0.976820766925812	0.896174848079681	2.60351943969727	1	1
3.22219657897949	0.988757491111755	0.912568330764771	2.61221075057983	1	1
3.12887263298035	0.993176817893982	0.945355176925659	2.61908388137817	1	1
3.41787528991699	0.974514007568359	0.890710353851318	2.57155656814575	1	1
4.56828117370605	0.931246042251587	0.825136601924896	7.24864339828491	0.75	0.400000005960464
5.72334480285645	0.866568148136139	0.715847015380859	2.57784366607666	1	1
3.21231317520142	0.987398862838745	0.907103836536407	2.54702401161194	1	1
3.14276051521301	0.991616606712341	0.923497259616852	2.54250574111938	1	1
3.12848806381226	0.990549087524414	0.928961753845215	2.72447538375854	1	1
3.46371531486511	0.970064759254456	0.852459013462067	2.51003241539001	1	1
4.08825397491455	0.931604385375977	0.819672107696533	2.51835870742798	1	1
3.07960724830627	0.992221355438232	0.918032765388489	3.18488836288452	0.975000023841858	0.899999976158142
3.54773712158203	0.959994375705719	0.896174848079681	2.53279757499695	1	1
3.07644891738892	0.990705847740173	0.918032765388489	2.50047039985657	1	1
3.02466559410095	0.992721438407898	0.939890682697296	2.44847393035889	1	1
4.1403956413269	0.922019124031067	0.808743178844452	2.452308177948	1	1
3.06438565254211	0.990780651569366	0.939890682697296	2.52098345756531	1	1
3.77448773384094	0.945482015609741	0.836065590381622	2.43257260322571	1	1
4.57184171676636	0.920839726924896	0.825136601924896	2.46440505981445	1	1
2.9602677822113	0.992400527000427	0.939890682697296	2.45158815383911	1	1
2.95685720443726	0.992840945720673	0.928961753845215	2.39781665802002	1	1
4.03843879699707	0.931029617786407	0.841530025005341	2.38892316818237	1	1
3.21780109405518	0.975551724433899	0.907103836536407	2.48847103118896	1	1
3.56024432182312	0.958493769168854	0.836065590381622	2.54238653182983	0.999999940395355	1
3.04372429847717	0.986376166343689	0.879781424999237	2.38172578811646	1	1
3.28809762001038	0.972543239593506	0.890710353851318	2.56262183189392	1	1
3.33506321907043	0.966705441474915	0.874316930770874	2.58529281616211	1	1
3.91121912002563	0.931731343269348	0.808743178844452	2.49070954322815	1	1
3.62565994262695	0.950065672397614	0.830601096153259	2.35463953018188	1	1
2.83883094787598	0.994826674461365	0.939890682697296	3.02646636962891	0.975000023841858	0.899999976158142
3.43684101104736	0.957911550998688	0.863388001918793	2.33369970321655	1	1
3.02534031867981	0.982255339622498	0.918032765388489	2.80277109146118	0.995000004768372	0.899999976158142
3.45801758766174	0.957142651081085	0.874316930770874	2.28582406044006	1	1
3.27224445343018	0.970094561576843	0.863388001918793	2.32302665710449	1	1
2.84624052047729	0.990504264831543	0.934426248073578	2.32723951339722	1	1
2.94909191131592	0.983524441719055	0.918032765388489	2.44753932952881	1	1
3.27964615821838	0.966765284538269	0.874316930770874	2.52634954452515	1	1
3.24782967567444	0.965122818946838	0.85792350769043	2.2560658454895	1	1
2.9355628490448	0.983487129211426	0.901639342308044	2.89763617515564	0.980000019073486	0.800000011920929
4.09981632232666	0.914763033390045	0.781420767307281	2.26935482025146	1	1
3.10770773887634	0.97175931930542	0.868852436542511	2.20209527015686	1	1
2.93339967727661	0.98356169462204	0.890710353851318	2.1976683139801	1	1
3.09153580665588	0.971408545970917	0.896174848079681	2.19138503074646	1	1
2.83069324493408	0.986928582191467	0.907103836536407	5.55459880828857	0.804999947547913	0.5
5.59301567077637	0.856915712356567	0.715847015380859	2.34613084793091	1	1
2.85842037200928	0.985853672027588	0.896174848079681	2.66390919685364	0.985000014305115	0.899999976158142
3.34262442588806	0.955716729164124	0.85792350769043	2.17365312576294	1	1
2.77323317527771	0.990944743156433	0.901639342308044	2.16103458404541	1	1
2.77432227134705	0.989123344421387	0.918032765388489	2.36899757385254	1	1
2.89343595504761	0.982068717479706	0.901639342308044	2.15166831016541	1	1
3.89514136314392	0.926976025104523	0.841530025005341	2.47985601425171	0.995000004768372	0.899999976158142
2.92359042167664	0.981583535671234	0.928961753845215	2.12731790542603	1	1
3.04744529724121	0.976641595363617	0.868852436542511	2.22055053710938	1	1
2.89278793334961	0.981277406215668	0.874316930770874	2.13096022605896	1	1
2.63242769241333	0.994072675704956	0.923497259616852	2.11635184288025	1	1
2.69552731513977	0.991661429405212	0.907103836536407	2.08951497077942	1	1
3.29182887077332	0.95806086063385	0.879781424999237	2.07525157928467	1	1
3.25271987915039	0.953559339046478	0.852459013462067	2.09186148643494	1	1
2.77199673652649	0.986958384513855	0.912568330764771	2.08479356765747	1	1
2.97875499725342	0.975305318832397	0.890710353851318	2.07023811340332	1	1
3.20374441146851	0.963458120822906	0.846994519233704	2.07378363609314	1	1
2.74019742012024	0.982942163944244	0.907103836536407	2.10615563392639	1	1
2.602952003479	0.991728603839874	0.928961753845215	2.17112755775452	1	1
3.92533802986145	0.918159604072571	0.786885261535645	2.01554822921753	1	1
3.45928764343262	0.942272067070007	0.863388001918793	2.08239507675171	1	1
2.53648710250854	0.994095087051392	0.934426248073578	1.99821507930756	1	1
3.41211605072021	0.942734897136688	0.852459013462067	2.09829044342041	1	1
3.16881465911865	0.954776167869568	0.808743178844452	2.61099600791931	0.985000014305115	0.899999976158142
2.80187129974365	0.975551724433899	0.901639342308044	2.06980133056641	1	1
2.53410959243774	0.993251502513885	0.934426248073578	2.71041560173035	0.979999959468842	0.800000011920929
2.97847485542297	0.966078400611877	0.85792350769043	1.98408961296082	1	1
2.61888241767883	0.986771762371063	0.918032765388489	1.98816907405853	1	1
2.63808131217957	0.985607147216797	0.907103836536407	1.9562828540802	1	1
2.65177583694458	0.984211206436157	0.8852459192276	1.92378616333008	1	1
2.68027424812317	0.982203125953674	0.907103836536407	1.91387784481049	1	1
3.81237030029297	0.907469630241394	0.803278684616089	2.02602076530457	1	1
2.56459426879883	0.986391007900238	0.912568330764771	1.89996838569641	1	1
2.50841450691223	0.991616666316986	0.934426248073578	1.89834856987	1	1
2.80706119537354	0.970930755138397	0.874316930770874	2.00419139862061	1	1
2.6980926990509	0.979336500167847	0.890710353851318	1.8865339756012	1	1
2.6961076259613	0.973804891109467	0.907103836536407	5.48582744598389	0.819999992847443	0.400000005960464
5.65520858764648	0.839648902416229	0.737704932689667	1.87418520450592	1	1
2.48293876647949	0.990593910217285	0.939890682697296	1.91622281074524	1	1
2.41832113265991	0.993057429790497	0.923497259616852	2.55977344512939	0.980000019073486	0.800000011920929
3.23080062866211	0.948154628276825	0.846994519233704	1.86536049842834	1	1
2.3840479850769	0.993826329708099	0.934426248073578	1.84283232688904	1	1
2.4065248966217	0.993602395057678	0.934426248073578	1.85151600837708	1	1
2.51030874252319	0.986809134483337	0.912568330764771	2.18896150588989	0.999999940395355	1
2.56943273544312	0.978321194648743	0.918032765388489	1.8178813457489	1	1
2.87793731689453	0.962047278881073	0.863388001918793	1.82427859306335	1	1
2.959876537323	0.961763501167297	0.836065590381622	1.82882785797119	1	1
2.36841177940369	0.99272894859314	0.945355176925659	1.79808115959167	1	1
3.73359823226929	0.918219387531281	0.786885261535645	1.80803430080414	1	1
2.40556788444519	0.991698741912842	0.923497259616852	1.80250668525696	1	1
2.32419276237488	0.992721498012543	0.939890682697296	1.78166675567627	1	1
2.48285102844238	0.983599126338959	0.912568330764771	1.76635611057281	1	1
3.25196671485901	0.93469500541687	0.846994519233704	1.79210126399994	1	1
3.37950134277344	0.949296772480011	0.852459013462067	1.96929013729095	1	1
2.37026166915894	0.988570868968964	0.928961753845215	1.76215481758118	1	1
2.31267285346985	0.993423223495483	0.934426248073578	1.9487053155899	1	1
2.83902215957642	0.965115487575531	0.868852436542511	2.60555171966553	0.960000038146973	0.800000011920929
3.04585647583008	0.946467578411102	0.863388001918793	1.740314245224	1	1
2.2816436290741	0.993863701820374	0.934426248073578	1.76381969451904	1	1
2.30335927009583	0.990437209606171	0.934426248073578	1.73175370693207	1	1
2.45548391342163	0.981800019741058	0.896174848079681	1.76245760917664	1	1
3.37184643745422	0.944713115692139	0.836065590381622	2.01931166648865	1	1
2.46583533287048	0.984651625156403	0.8852459192276	1.7637345790863	1	1
2.24050879478455	0.993983149528503	0.950819671154022	1.74372005462646	1	1
2.53573322296143	0.976141452789307	0.8852459192276	2.78575778007507	0.939999997615814	0.699999988079071
2.74374651908875	0.964675009250641	0.863388001918793	1.70549964904785	1	1
2.35227489471436	0.989720582962036	0.912568330764771	1.69439220428467	1	1
2.77629518508911	0.965899288654327	0.852459013462067	1.70217740535736	1	1
2.35222148895264	0.986958503723145	0.912568330764771	1.70768761634827	1	1
2.95163249969482	0.953566789627075	0.85792350769043	1.68470788002014	1	1
2.19444513320923	0.993848741054535	0.934426248073578	1.67898750305176	1	1
2.28445339202881	0.987652659416199	0.912568330764771	1.65437090396881	1	1
2.33369398117065	0.986107468605042	0.907103836536407	1.84232175350189	1	1
3.15318822860718	0.941674888134003	0.836065590381622	1.64920842647552	1	1
2.2828803062439	0.988115549087524	0.901639342308044	2.01608800888062	1	1
3.49296188354492	0.928088247776031	0.863388001918793	1.64686608314514	1	1
2.3143208026886	0.986600041389465	0.901639342308044	1.66079938411713	1	1
2.2752685546875	0.988219976425171	0.923497259616852	1.97600245475769	1	1
3.22157740592957	0.943795025348663	0.830601096153259	1.67760539054871	1	1
2.48065972328186	0.975999534130096	0.879781424999237	1.65628015995026	1	1
2.26195049285889	0.988354384899139	0.901639342308044	1.61569094657898	1	1
3.04300880432129	0.949684977531433	0.868852436542511	1.74737524986267	1	1
2.3888041973114	0.977268695831299	0.912568330764771	1.62926828861237	1	1
2.1432363986969	0.993147015571594	0.934426248073578	1.78074669837952	1	1
2.41455936431885	0.976462423801422	0.879781424999237	1.59492969512939	1	1
2.55607509613037	0.970848679542542	0.841530025005341	1.59287047386169	1	1
2.92450881004333	0.94531786441803	0.85792350769043	1.59088349342346	1	1
2.11746096611023	0.993766605854034	0.928961753845215	1.58164310455322	1	1
2.08717679977417	0.994878947734833	0.939890682697296	1.72398471832275	1	1
3.97870135307312	0.899997055530548	0.792349755764008	1.5775830745697	1	1
2.17369747161865	0.989981770515442	0.923497259616852	1.57568693161011	1	1
2.91311836242676	0.948259174823761	0.836065590381622	1.60408973693848	1	1
2.11608529090881	0.99047440290451	0.939890682697296	1.73104643821716	1	1
2.25529336929321	0.982195556163788	0.907103836536407	1.57847619056702	1	1
2.03278613090515	0.995595514774323	0.950819671154022	1.617112159729	1	1
2.24602913856506	0.984226226806641	0.8852459192276	1.54527103900909	1	1
2.94991183280945	0.940189361572266	0.836065590381622	2.08351182937622	0.985000014305115	0.899999976158142
2.39601016044617	0.977746367454529	0.896174848079681	1.7214949131012	1	1
2.50850582122803	0.967519223690033	0.8852459192276	1.56519889831543	1	1
2.04196262359619	0.994520545005798	0.939890682697296	1.53093934059143	1	1
2.82880210876465	0.95093160867691	0.819672107696533	1.53952074050903	1	1
2.12241792678833	0.990280449390411	0.907103836536407	1.54198813438416	1	1
2.13596892356873	0.989421904087067	0.901639342308044	2.13596200942993	0.985000014305115	0.899999976158142
2.58678579330444	0.963047564029694	0.852459013462067	1.6423704624176	1	1
2.13507795333862	0.987682461738586	0.918032765388489	1.51656818389893	1	1
2.00384187698364	0.994139909744263	0.939890682697296	1.52073466777802	1	1
2.24586415290833	0.980500996112823	0.896174848079681	1.48680067062378	1	1
2.95881819725037	0.94761723279953	0.797814190387726	1.51568758487701	1	1
2.464759349823	0.971871316432953	0.879781424999237	1.53943383693695	1	1
2.02293229103088	0.99316942691803	0.934426248073578	2.45855808258057	0.967499971389771	0.800000011920929
2.89077305793762	0.936441898345947	0.836065590381622	1.48930168151855	1	1
2.27575445175171	0.976350426673889	0.901639342308044	1.51084661483765	1	1
1.9887763261795	0.993057370185852	0.934426248073578	1.48542416095734	1	1
2.04863142967224	0.992945432662964	0.934426248073578	1.45362710952759	1	1
2.58280038833618	0.961166381835938	0.890710353851318	1.46730315685272	1	1
2.16505074501038	0.984196424484253	0.890710353851318	1.44575142860413	1	1
3.07624483108521	0.939845860004425	0.819672107696533	1.80612468719482	0.995000004768372	0.899999976158142
2.1071035861969	0.986644864082336	0.901639342308044	1.50722169876099	1	1
2.14313101768494	0.982008993625641	0.912568330764771	1.81393027305603	0.995000004768372	0.899999976158142
2.07789158821106	0.986084997653961	0.907103836536407	1.53049314022064	1	1
2.11650919914246	0.984532237052917	0.923497259616852	1.44682335853577	1	1
2.07294964790344	0.989160656929016	0.918032765388489	4.23916482925415	0.779999971389771	0.600000023841858
2.86556053161621	0.943541169166565	0.846994519233704	1.58215892314911	1	1
2.17874026298523	0.980239748954773	0.896174848079681	1.42598474025726	1	1
2.67100858688354	0.951185524463654	0.863388001918793	1.69173336029053	1	1
3.88478207588196	0.890001177787781	0.765027344226837	1.42465269565582	1	1
2.10864543914795	0.988145351409912	0.896174848079681	1.42143821716309	1	1
2.05627870559692	0.989466667175293	0.912568330764771	1.42012512683868	1	1
1.92467641830444	0.993363499641418	0.939890682697296	1.40927767753601	1	1
2.3469455242157	0.970639586448669	0.863388001918793	1.41161584854126	1	1
2.9343798160553	0.935583353042603	0.836065590381622	3.07158875465393	0.90500009059906	0.600000023841858
2.56393384933472	0.957844376564026	0.874316930770874	1.40148496627808	1	1
2.29776215553284	0.974663257598877	0.874316930770874	1.43468904495239	1	1
1.88117456436157	0.994498252868652	0.945355176925659	1.43634653091431	1	1
1.9058210849762	0.993341088294983	0.934426248073578	1.69007527828217	0.995000004768372	0.899999976158142
2.30951285362244	0.971871316432953	0.863388001918793	1.44410085678101	1	1
1.99712228775024	0.988085627555847	0.907103836536407	1.45385682582855	1	1
2.57750725746155	0.954395473003387	0.852459013462067	1.39131093025208	1	1
2.488849401474	0.963540196418762	0.852459013462067	1.40595471858978	1	1
2.07518029212952	0.983218371868134	0.890710353851318	1.38310027122498	1	1
1.93735361099243	0.990750730037689	0.934426248073578	1.3908349275589	1	1
1.92513966560364	0.990399777889252	0.934426248073578	1.36108565330505	1	1
3.07031273841858	0.920682907104492	0.803278684616089	1.41594099998474	1	1
1.89974594116211	0.99366956949234	0.945355176925659	1.3843994140625	1	1
2.02048540115356	0.984494924545288	0.912568330764771	1.37853610515594	1	1
2.85514831542969	0.947684347629547	0.814207673072815	1.4367687702179	1	1
1.91777658462524	0.991235971450806	0.956284165382385	1.36671185493469	1	1
1.8082240819931	0.995550751686096	0.945355176925659	2.14764547348022	0.962499976158142	0.899999976158142
2.29665684700012	0.967922329902649	0.912568330764771	1.41726064682007	1	1
2.00905442237854	0.981785118579865	0.923497259616852	1.3226010799408	1	1
3.25964021682739	0.91642040014267	0.814207673072815	2.71354579925537	0.925000011920929	0.699999988079071
2.88981342315674	0.933201909065247	0.819672107696533	1.60681188106537	0.995000064373016	0.899999976158142
2.31926417350769	0.972087860107422	0.868852436542511	1.34120357036591	1	1
1.85066318511963	0.993393301963806	0.923497259616852	1.50614535808563	1	1
1.92416059970856	0.989563763141632	0.928961753845215	1.31753540039062	1	1
2.21815943717957	0.974252760410309	0.874316930770874	1.36743545532227	1	1
1.80818295478821	0.994602739810944	0.945355176925659	1.31667804718018	1	1
1.83695781230927	0.992482602596283	0.934426248073578	1.32658243179321	1	1
2.00756597518921	0.985995411872864	0.918032765388489	1.35498571395874	1	1
2.36909937858582	0.963622450828552	0.874316930770874	1.55730056762695	1	1
2.28359746932983	0.967840135097504	0.8852459192276	1.2986581325531	1	1
2.07025694847107	0.979866504669189	0.8852459192276	1.31916761398315	1	1
1.96370005607605	0.986017823219299	0.907103836536407	1.30322623252869	1	1
2.22955346107483	0.972849369049072	0.874316930770874	1.5450553894043	1	1
2.53962731361389	0.951274991035461	0.797814190387726	1.29618692398071	1	1
1.79997479915619	0.995207369327545	0.950819671154022	1.30877566337585	1	1
2.4658317565918	0.956500649452209	0.836065590381622	1.28935241699219	1	1
2.31168270111084	0.971333861351013	0.874316930770874	1.30551898479462	1	1
1.74944114685059	0.996461570262909	0.956284165382385	1.32839059829712	1	1
1.93499171733856	0.983509480953217	0.939890682697296	1.28231048583984	1	1
1.76366901397705	0.994147300720215	0.934426248073578	1.4164867401123	1	1
3.12212729454041	0.922810435295105	0.781420767307281	1.64163780212402	0.995000004768372	0.899999976158142
1.87232685089111	0.98837673664093	0.928961753845215	1.27989029884338	1	1
2.02301263809204	0.979836702346802	0.874316930770874	1.31020545959473	1	1
1.91729891300201	0.982150793075562	0.923497259616852	1.26510214805603	1	1
2.9948878288269	0.925654649734497	0.786885261535645	1.30058860778809	1	1
1.8222861289978	0.991056740283966	0.923497259616852	1.28705763816833	1	1
1.74100053310394	0.994796752929688	0.934426248073578	1.29670333862305	1	1
1.76141929626465	0.993087291717529	0.939890682697296	1.75676727294922	0.985000014305115	0.899999976158142
2.48869585990906	0.951207876205444	0.830601096153259	1.24381899833679	1	1
1.96576058864594	0.982874989509583	0.890710353851318	1.26146161556244	1	1
1.70854663848877	0.996103167533875	0.934426248073578	1.24911999702454	1	1
1.80913054943085	0.989063620567322	0.918032765388489	1.2294933795929	1	1
3.0073676109314	0.925400793552399	0.846994519233704	1.25401711463928	1	1
1.7023983001709	0.995192468166351	0.950819671154022	1.36217498779297	1	1
2.52890110015869	0.952820301055908	0.803278684616089	1.23980844020844	1	1
1.76443886756897	0.992273569107056	0.945355176925659	1.25860905647278	1	1
1.74561285972595	0.992437839508057	0.934426248073578	1.27593874931335	1	1
1.73970091342926	0.992639362812042	0.950819671154022	2.08627343177795	0.959999978542328	0.800000011920929
2.45155215263367	0.956956028938293	0.890710353851318	1.26000928878784	1	1
1.66112041473389	0.995393991470337	0.956284165382385	1.20871472358704	1	1
1.72023248672485	0.99290806055069	0.928961753845215	1.21096789836884	1	1
1.64363718032837	0.996379375457764	0.961748659610748	1.19066476821899	1	1
1.78878128528595	0.987548172473907	0.939890682697296	1.20722556114197	1	1
3.13980841636658	0.918525516986847	0.803278684616089	1.25139033794403	1	1
2.09364604949951	0.97225958108902	0.8852459192276	1.18456268310547	1	1
1.80068469047546	0.987682580947876	0.907103836536407	1.29129981994629	1	1
1.7154198884964	0.991019487380981	0.939890682697296	1.19577956199646	1	1
1.8658732175827	0.985435485839844	0.8852459192276	1.17888069152832	1	1
1.68958842754364	0.992669224739075	0.923497259616852	1.32741737365723	1	1
2.09720587730408	0.971968412399292	0.879781424999237	1.16657328605652	1	1
1.98650741577148	0.980284571647644	0.8852459192276	1.18548727035522	1	1
1.60927712917328	0.995685160160065	0.939890682697296	1.1568717956543	1	1
2.15099120140076	0.968422472476959	0.879781424999237	1.16879558563232	1	1
2.66092658042908	0.932470321655273	0.901639342308044	1.16205501556396	1	1
2.36022138595581	0.951782703399658	0.863388001918793	1.1554673910141	1	1
1.92411959171295	0.979836702346802	0.890710353851318	1.15861546993256	1	1
1.67037200927734	0.993938326835632	0.923497259616852	1.14885091781616	1	1
2.52282691001892	0.941338956356049	0.874316930770874	1.15019464492798	1	1
1.76804852485657	0.989489078521729	0.918032765388489	1.30219411849976	1	1
2.02188396453857	0.974730432033539	0.874316930770874	1.48935461044312	1	1
2.52033829689026	0.948445737361908	0.841530025005341	1.14798510074615	1	1
1.89852702617645	0.979717254638672	0.901639342308044	1.18581795692444	1	1
1.66241025924683	0.992101907730103	0.928961753845215	1.14881873130798	1	1
1.67793214321136	0.991317987442017	0.939890682697296	1.1695191860199	1	1
1.61668848991394	0.994065225124359	0.945355176925659	1.14663064479828	1	1
2.04250836372375	0.972759783267975	0.890710353851318	1.12870180606842	1	1
2.86641979217529	0.922803044319153	0.836065590381622	1.28754067420959	1	1
1.68044996261597	0.99113142490387	0.945355176925659	1.12650609016418	1	1
2.00118851661682	0.977432906627655	0.874316930770874	1.14395427703857	1	1
1.6590541601181	0.992363154888153	0.939890682697296	1.14402508735657	1	1
1.57981944084167	0.995461165904999	0.950819671154022	1.12082529067993	1	1
1.53767323493958	0.997312545776367	0.956284165382385	1.14485621452332	1	1
1.78268885612488	0.986383616924286	0.923497259616852	2.76799130439758	0.914999961853027	0.699999988079071
3.54281425476074	0.891150832176208	0.74316942691803	1.12484216690063	1	1
1.64723062515259	0.991601765155792	0.939890682697296	1.12068796157837	1	1
1.66848838329315	0.989899635314941	0.923497259616852	1.17777609825134	1	1
2.12707829475403	0.963226675987244	0.8852459192276	1.13348114490509	1	1
