loss	auc	accuracy	val_loss	val_auc	val_accuracy
61.3748435974121	0.494192153215408	0.349726766347885	16.0720100402832	1	1
38.9632301330566	0.606631994247437	0.4426229596138	77.7108383178711	0.25	0
31.8285350799561	0.587080836296082	0.437158465385437	18.3883724212646	0.832499980926514	0.5
30.3458919525146	0.603623628616333	0.431694000959396	17.9181308746338	0.855000019073486	0.600000023841858
28.8241100311279	0.692421436309814	0.53005462884903	57.7112197875977	0.199999988079071	0
23.4585742950439	0.683552861213684	0.480874329805374	15.3942823410034	1	1
28.1497211456299	0.676274299621582	0.502732217311859	27.3761348724365	0.377499997615814	0.100000001490116
22.1271953582764	0.745894134044647	0.546448111534119	30.255786895752	0.354999989271164	0.100000001490116
23.8013648986816	0.679745614528656	0.486338794231415	68.6561889648438	0.25	0
23.6767997741699	0.694033861160278	0.497267752885818	30.1667900085449	0.272499978542328	0.100000001490116
27.8346118927002	0.672743260860443	0.519125699996948	14.8053226470947	1	1
23.2184028625488	0.745058119297028	0.601092875003815	14.7116146087646	1	1
24.7882080078125	0.701864778995514	0.53005462884903	14.8100433349609	1	1
20.0698070526123	0.789512991905212	0.622950792312622	38.5080947875977	0.329999983310699	0.100000001490116
24.7500667572021	0.736846327781677	0.519125699996948	14.7872591018677	0.995000004768372	0.899999976158142
21.3372497558594	0.775934040546417	0.562841534614563	14.3414812088013	1	1
16.7950420379639	0.901116847991943	0.754098355770111	14.2005281448364	1	1
17.8168411254883	0.858834266662598	0.688524603843689	14.0288333892822	1	1
27.5365200042725	0.702364981174469	0.524590134620667	17.7216873168945	0.769999921321869	0.5
18.7995738983154	0.829421639442444	0.688524603843689	26.2021217346191	0.420000016689301	0.200000002980232
25.8128280639648	0.699110090732574	0.535519123077393	36.720645904541	0.307499974966049	0.100000001490116
18.1438522338867	0.821120321750641	0.6721311211586	16.6729316711426	0.789999961853027	0.400000005960464
22.8732089996338	0.762250304222107	0.650273203849792	34.3279151916504	0.317500025033951	0.100000001490116
18.4466590881348	0.782689869403839	0.622950792312622	13.4678983688354	1	1
21.6860771179199	0.754479110240936	0.612021863460541	13.3863315582275	1	1
21.2209911346436	0.810855805873871	0.666666686534882	20.2675495147705	0.614999949932098	0.200000002980232
16.0823459625244	0.876429617404938	0.754098355770111	13.2279720306396	1	1
15.8050222396851	0.910948395729065	0.775956273078918	24.2621059417725	0.465000003576279	0.200000002980232
20.9279155731201	0.754180550575256	0.568306028842926	23.4455528259277	0.442499995231628	0.200000002980232
18.2681102752686	0.852988958358765	0.74316942691803	13.1960802078247	0.995000004768372	0.899999976158142
20.1475276947021	0.790274441242218	0.644808769226074	49.8026924133301	0.275000005960464	0
18.1345863342285	0.828884065151215	0.683060109615326	45.9079284667969	0.300000011920929	0
17.3794746398926	0.82485294342041	0.726775944232941	13.3152179718018	0.990000069141388	0.899999976158142
17.7496280670166	0.867501258850098	0.721311450004578	20.0154705047607	0.564999997615814	0.400000005960464
22.9867610931396	0.757592141628265	0.622950792312622	26.46755027771	0.409999996423721	0.100000001490116
15.2962760925293	0.906887352466583	0.786885261535645	13.5632572174072	0.960000038146973	0.800000011920929
14.2489643096924	0.929678320884705	0.808743178844452	14.1557941436768	0.909999966621399	0.699999988079071
16.1296443939209	0.871995270252228	0.732240438461304	12.3886737823486	1	1
14.8830003738403	0.895585119724274	0.74316942691803	12.2756748199463	1	1
16.362964630127	0.832273304462433	0.639344274997711	12.1125926971436	1	1
17.1275005340576	0.815588653087616	0.683060109615326	17.7380790710449	0.705000042915344	0.5
15.7404518127441	0.870233595371246	0.748633861541748	13.9101657867432	0.889999985694885	0.899999976158142
14.0718641281128	0.914785444736481	0.797814190387726	26.6765251159668	0.400000005960464	0.100000001490116
15.126220703125	0.86860603094101	0.6721311211586	13.553599357605	0.924999952316284	0.899999976158142
18.1945419311523	0.818574786186218	0.6721311211586	28.3775215148926	0.370000004768372	0.100000001490116
15.8885288238525	0.83981317281723	0.726775944232941	12.3846111297607	0.990000009536743	0.899999976158142
14.6760110855103	0.898690581321716	0.786885261535645	26.193431854248	0.409999996423721	0.100000001490116
14.2299995422363	0.913852334022522	0.808743178844452	11.5667867660522	1	1
14.8432960510254	0.890008628368378	0.759562849998474	16.0927848815918	0.714999973773956	0.5
17.7600250244141	0.802748739719391	0.650273203849792	15.9616165161133	0.739999949932098	0.5
13.8003339767456	0.914927303791046	0.781420767307281	11.3221263885498	1	1
14.5535411834717	0.897578299045563	0.797814190387726	14.7961177825928	0.799999952316284	0.600000023841858
16.7605972290039	0.87809431552887	0.748633861541748	14.8085126876831	0.819999992847443	0.600000023841858
14.5408124923706	0.890762627124786	0.754098355770111	17.1408252716064	0.694999992847443	0.5
13.6816816329956	0.917010128498077	0.786885261535645	11.491979598999	0.995000004768372	0.899999976158142
17.4480876922607	0.857647359371185	0.721311450004578	39.3484573364258	0.305000007152557	0.100000001490116
20.4158344268799	0.825898051261902	0.726775944232941	10.9528894424438	1	1
11.9833612442017	0.966660678386688	0.846994519233704	11.1052684783936	0.995000004768372	0.899999976158142
12.056191444397	0.959008932113647	0.852459013462067	10.9172677993774	1	1
16.344934463501	0.886059582233429	0.775956273078918	14.4604930877686	0.844999969005585	0.800000011920929
12.1273469924927	0.943369388580322	0.852459013462067	13.4081697463989	0.875	0.800000011920929
15.2544441223145	0.836543440818787	0.655737698078156	10.5533885955811	1	1
16.7092170715332	0.805846750736237	0.644808769226074	11.8362331390381	0.939999997615814	0.899999976158142
12.2729959487915	0.936143338680267	0.814207673072815	10.4499988555908	1	1
16.3659057617188	0.780980288982391	0.601092875003815	10.4146270751953	1	1
14.9255046844482	0.854959785938263	0.770491778850555	14.6668682098389	0.724999964237213	0.5
11.7413539886475	0.953581809997559	0.868852436542511	10.3277149200439	1	1
17.4387989044189	0.854325354099274	0.732240438461304	11.595232963562	0.947499990463257	0.800000011920929
11.9377136230469	0.940771579742432	0.852459013462067	10.2319631576538	1	1
12.9804124832153	0.899355053901672	0.781420767307281	11.7574110031128	0.919999957084656	0.800000011920929
10.9430484771729	0.978903412818909	0.879781424999237	11.0864486694336	0.970000088214874	0.899999976158142
11.2934827804565	0.957993566989899	0.879781424999237	13.7238388061523	0.769999980926514	0.600000023841858
14.5153350830078	0.855236053466797	0.661202192306519	9.98064041137695	1	1
18.1469898223877	0.817231059074402	0.69945353269577	13.8235349655151	0.672500014305115	0.5
11.3365125656128	0.94865483045578	0.825136601924896	16.2426624298096	0.559999942779541	0.300000011920929
11.5076951980591	0.942174971103668	0.841530025005341	10.8601741790771	0.975000023841858	0.899999976158142
19.3578548431396	0.75583028793335	0.595628440380096	14.205207824707	0.75	0.5
11.2125434875488	0.948557794094086	0.846994519233704	21.4017429351807	0.419999986886978	0.200000002980232
11.2880725860596	0.939547300338745	0.846994519233704	11.804759979248	0.865000009536743	0.699999988079071
10.8033952713013	0.957090377807617	0.8852459192276	10.7568922042847	0.954999983310699	0.899999976158142
13.336968421936	0.866486012935638	0.666666686534882	9.59111976623535	1	1
15.1190977096558	0.843067824840546	0.732240438461304	16.5958690643311	0.584999978542328	0.300000011920929
10.4500694274902	0.972677707672119	0.868852436542511	22.0310401916504	0.405000001192093	0.100000001490116
10.3256092071533	0.976133942604065	0.890710353851318	34.5895309448242	0.300000011920929	0
15.9346570968628	0.862775802612305	0.770491778850555	11.5166616439819	0.889999985694885	0.800000011920929
10.187629699707	0.978097319602966	0.879781424999237	36.057804107666	0.275000005960464	0
14.1030702590942	0.855519771575928	0.6721311211586	12.6101551055908	0.847499966621399	0.699999988079071
13.1749076843262	0.857975721359253	0.683060109615326	9.30054950714111	1	1
11.5421953201294	0.900870501995087	0.770491778850555	13.4863529205322	0.709999978542328	0.5
10.6446371078491	0.944914698600769	0.846994519233704	9.88620090484619	0.98499995470047	0.899999976158142
11.9904584884644	0.893509864807129	0.754098355770111	10.0722522735596	0.960000038146973	0.899999976158142
11.4498281478882	0.91907787322998	0.770491778850555	9.11689853668213	1	1
11.6103954315186	0.899788022041321	0.770491778850555	9.39317893981934	0.994999945163727	0.899999976158142
10.5232238769531	0.943533778190613	0.836065590381622	28.4431266784668	0.324999988079071	0
13.5042181015015	0.879609823226929	0.748633861541748	9.00297737121582	1	1
14.4405040740967	0.866396427154541	0.715847015380859	9.05945014953613	1	1
11.1205167770386	0.925124645233154	0.819672107696533	12.3608999252319	0.75	0.600000023841858
10.135274887085	0.958038449287415	0.852459013462067	28.2161197662354	0.300000011920929	0
10.2672958374023	0.945258140563965	0.814207673072815	17.3559627532959	0.484999984502792	0.200000002980232
12.4235649108887	0.904700040817261	0.792349755764008	9.99134159088135	0.944999992847443	0.899999976158142
10.3969316482544	0.938547074794769	0.808743178844452	10.8341665267944	0.915000021457672	0.899999976158142
9.5950927734375	0.974178194999695	0.879781424999237	29.7740116119385	0.324999988079071	0
13.2564811706543	0.883260071277618	0.748633861541748	9.22451782226562	0.995000004768372	0.899999976158142
14.9209814071655	0.799523591995239	0.666666686534882	8.68377685546875	1	1
10.081036567688	0.945310413837433	0.825136601924896	10.0348033905029	0.935000061988831	0.899999976158142
9.80125999450684	0.951506495475769	0.863388001918793	23.1008434295654	0.375	0
15.7016191482544	0.870621740818024	0.781420767307281	8.56953811645508	1	1
10.2982444763184	0.940487921237946	0.879781424999237	12.4006185531616	0.780000030994415	0.5
9.30801010131836	0.975641191005707	0.890710353851318	9.00553035736084	0.995000004768372	0.899999976158142
9.15713882446289	0.981941819190979	0.890710353851318	8.51912689208984	1	1
11.9523963928223	0.865717053413391	0.683060109615326	9.67450428009033	0.937499940395355	0.899999976158142
9.26647186279297	0.972528278827667	0.863388001918793	9.45531940460205	0.954999983310699	0.899999976158142
9.49250602722168	0.95977783203125	0.836065590381622	15.8032131195068	0.524999976158142	0.200000002980232
10.6220960617065	0.908387899398804	0.765027344226837	8.29615879058838	1	1
9.85638427734375	0.940010190010071	0.841530025005341	10.6074199676514	0.879999995231628	0.800000011920929
12.2114086151123	0.845889627933502	0.666666686534882	8.20304203033447	1	1
9.48046016693115	0.952043890953064	0.830601096153259	9.9767951965332	0.894999921321869	0.899999976158142
9.8190803527832	0.937546610832214	0.846994519233704	12.0567712783813	0.762499928474426	0.5
9.82996940612793	0.929573893547058	0.841530025005341	13.7729644775391	0.594999969005585	0.300000011920929
14.0857791900635	0.825121700763702	0.688524603843689	8.05136680603027	1	1
9.11946105957031	0.964719831943512	0.852459013462067	8.01313209533691	1	1
12.3838291168213	0.820694804191589	0.704918026924133	7.99404811859131	1	1
11.7395944595337	0.886276006698608	0.765027344226837	8.64770889282227	0.995000004768372	0.899999976158142
9.93770313262939	0.92464691400528	0.775956273078918	7.97178363800049	1	1
9.47663116455078	0.940569996833801	0.803278684616089	8.41603183746338	0.995000004768372	0.899999976158142
8.81440925598145	0.971431076526642	0.879781424999237	7.95478820800781	1	1
9.255859375	0.945355176925659	0.808743178844452	18.121265411377	0.479999989271164	0.100000001490116
10.8885202407837	0.890919387340546	0.770491778850555	12.633111000061	0.685000002384186	0.400000005960464
10.3433961868286	0.936971843242645	0.85792350769043	8.13340187072754	0.995000064373016	0.899999976158142
8.34234809875488	0.990369975566864	0.918032765388489	7.94519710540771	0.997499942779541	0.899999976158142
11.1479749679565	0.891329944133759	0.732240438461304	13.4713411331177	0.589999973773956	0.300000011920929
10.2757711410522	0.913210213184357	0.808743178844452	7.81943416595459	1	1
13.1634902954102	0.854997277259827	0.754098355770111	7.67884540557861	1	1
10.0663452148438	0.906051218509674	0.786885261535645	7.83770751953125	1	1
8.60436248779297	0.97163987159729	0.868852436542511	7.70169830322266	1	1
8.29339694976807	0.984793424606323	0.890710353851318	7.58149576187134	1	1
9.53535461425781	0.918092548847198	0.759562849998474	7.55442523956299	1	1
10.7691106796265	0.891987025737762	0.737704932689667	8.01716232299805	0.990000009536743	0.899999976158142
9.3415002822876	0.918331384658813	0.770491778850555	10.8010711669922	0.832499980926514	0.699999988079071
13.8018083572388	0.82023948431015	0.715847015380859	7.85338735580444	0.995000004768372	0.899999976158142
8.0831298828125	0.98869788646698	0.918032765388489	7.47768497467041	1	1
7.99348878860474	0.992094337940216	0.918032765388489	8.08325004577637	0.980000078678131	0.800000011920929
8.47135639190674	0.965010821819305	0.852459013462067	13.0973081588745	0.589999973773956	0.200000002980232
8.66279029846191	0.947841048240662	0.852459013462067	7.50165462493896	1	1
10.2866802215576	0.876870036125183	0.726775944232941	7.32668781280518	1	1
11.032096862793	0.88876211643219	0.808743178844452	7.58392477035522	1	1
8.19820594787598	0.971311509609222	0.890710353851318	7.57753372192383	1	1
7.98243045806885	0.980000913143158	0.907103836536407	7.29270839691162	1	1
9.62357616424561	0.910694539546967	0.797814190387726	7.6651930809021	0.98500007390976	0.899999976158142
10.5567121505737	0.928513944149017	0.825136601924896	9.44167137145996	0.857500016689301	0.800000011920929
9.07391452789307	0.940622210502625	0.808743178844452	8.92071723937988	0.892499983310699	0.699999988079071
8.6438684463501	0.937725782394409	0.846994519233704	7.21155166625977	1	1
8.01886367797852	0.971162140369415	0.85792350769043	9.97502708435059	0.774999976158142	0.5
9.37331390380859	0.891389787197113	0.754098355770111	7.13417720794678	1	1
7.71302127838135	0.983352720737457	0.901639342308044	7.01698303222656	1	1
8.07247734069824	0.956164658069611	0.901639342308044	8.05565452575684	0.945000052452087	0.899999976158142
8.75475597381592	0.928386926651001	0.797814190387726	6.91393661499023	1	1
11.5193033218384	0.830399513244629	0.721311450004578	8.91100025177002	0.904999971389771	0.899999976158142
8.50267601013184	0.939293503761292	0.819672107696533	7.07499551773071	1	1
7.84823274612427	0.967466950416565	0.85792350769043	6.90296936035156	1	1
9.88661766052246	0.909223973751068	0.830601096153259	9.6367015838623	0.819999992847443	0.600000023841858
7.44787740707397	0.986525416374207	0.912568330764771	7.07123708724976	0.995000004768372	0.899999976158142
7.65374374389648	0.972595453262329	0.868852436542511	7.43946075439453	0.995000004768372	0.899999976158142
7.45072507858276	0.981381952762604	0.901639342308044	7.31066226959229	0.995000004768372	0.899999976158142
8.98033905029297	0.906342387199402	0.754098355770111	7.25858688354492	0.995000004768372	0.899999976158142
10.9853658676147	0.86451518535614	0.715847015380859	13.6206026077271	0.514999985694885	0.200000002980232
7.437575340271	0.976843059062958	0.890710353851318	10.5215501785278	0.794999897480011	0.699999988079071
9.09759140014648	0.897451400756836	0.786885261535645	8.43087196350098	0.909999966621399	0.800000011920929
7.34682130813599	0.980784714221954	0.901639342308044	6.57924652099609	1	1
8.39814949035645	0.922422289848328	0.74316942691803	6.55449819564819	1	1
8.40408897399902	0.921548843383789	0.765027344226837	9.6628360748291	0.76499992609024	0.5
8.99265956878662	0.922608911991119	0.808743178844452	7.11099863052368	0.985000014305115	0.899999976158142
7.42460012435913	0.970609724521637	0.868852436542511	19.7365684509277	0.415000021457672	0.100000001490116
11.4895257949829	0.871816098690033	0.781420767307281	10.0682592391968	0.844999969005585	0.800000011920929
9.08357238769531	0.870091676712036	0.715847015380859	6.79554128646851	0.995000004768372	0.899999976158142
7.35260152816772	0.972155094146729	0.901639342308044	6.61063289642334	1	1
7.16933536529541	0.980232298374176	0.912568330764771	7.67804718017578	0.945000052452087	0.800000011920929
7.80004072189331	0.944631218910217	0.803278684616089	6.46468257904053	1	1
7.42456912994385	0.962629497051239	0.863388001918793	6.34021377563477	1	1
9.24219226837158	0.924684166908264	0.85792350769043	7.50534963607788	0.959999978542328	0.800000011920929
8.83660793304443	0.893338143825531	0.754098355770111	7.29052734375	0.960000038146973	0.899999976158142
7.29862546920776	0.96451073884964	0.901639342308044	7.15088367462158	0.965000033378601	0.899999976158142
6.9683198928833	0.981994092464447	0.8852459192276	7.85379886627197	0.914999961853027	0.800000011920929
7.15534925460815	0.967481851577759	0.879781424999237	6.18779468536377	1	1
8.07323265075684	0.924154162406921	0.770491778850555	7.06659412384033	0.98499995470047	0.899999976158142
7.24623584747314	0.960681140422821	0.863388001918793	9.55370903015137	0.872499942779541	0.800000011920929
10.1566152572632	0.83629697561264	0.683060109615326	6.1290168762207	1	1
8.29739093780518	0.914867639541626	0.775956273078918	7.74369716644287	0.917500019073486	0.899999976158142
9.09103393554688	0.899571478366852	0.797814190387726	7.45843362808228	0.939999938011169	0.899999976158142
6.8721170425415	0.977485179901123	0.896174848079681	9.7056245803833	0.779999971389771	0.5
7.16984701156616	0.961995005607605	0.830601096153259	6.44113826751709	0.995000004768372	0.899999976158142
7.7674126625061	0.935598254203796	0.846994519233704	6.01976537704468	1	1
6.90601444244385	0.972901463508606	0.874316930770874	8.48251438140869	0.864999949932098	0.699999988079071
6.95483922958374	0.96942275762558	0.879781424999237	7.79631185531616	0.884999990463257	0.800000011920929
6.68317365646362	0.980665266513824	0.907103836536407	19.4951248168945	0.405000001192093	0.100000001490116
8.24024772644043	0.900452375411987	0.775956273078918	14.2169647216797	0.494999974966049	0.200000002980232
8.17707824707031	0.901378095149994	0.737704932689667	6.82281732559204	0.975000023841858	0.899999976158142
6.95871019363403	0.959553837776184	0.863388001918793	6.04950523376465	1	1
7.38156318664551	0.933903634548187	0.841530025005341	6.92943429946899	0.949999988079071	0.899999976158142
6.86432266235352	0.962256252765656	0.879781424999237	6.53870105743408	0.98499995470047	0.899999976158142
8.20663642883301	0.893577039241791	0.732240438461304	5.98078203201294	1	1
6.38776922225952	0.987286806106567	0.907103836536407	10.4197463989258	0.669999957084656	0.5
6.58166170120239	0.973610758781433	0.890710353851318	23.0552177429199	0.324999988079071	0
9.99258613586426	0.85221266746521	0.759562849998474	7.7472825050354	0.882499873638153	0.800000011920929
7.46087789535522	0.922146081924438	0.792349755764008	6.28722953796387	0.980000019073486	0.800000011920929
6.99514389038086	0.948759257793427	0.841530025005341	6.52074909210205	0.970000028610229	0.800000011920929
6.28700923919678	0.987413763999939	0.923497259616852	6.20313739776611	0.990000128746033	0.899999976158142
7.67315196990967	0.909231424331665	0.814207673072815	5.82857084274292	1	1
6.33912181854248	0.983352720737457	0.907103836536407	6.6882438659668	0.960000038146973	0.800000011920929
6.2128701210022	0.98598051071167	0.901639342308044	13.1449480056763	0.524999976158142	0.200000002980232
7.55546283721924	0.92706561088562	0.846994519233704	5.82111263275146	0.995000004768372	0.899999976158142
6.93621587753296	0.942831933498383	0.797814190387726	6.01388645172119	0.990000009536743	0.899999976158142
6.14879989624023	0.986010313034058	0.923497259616852	21.6287422180176	0.302499979734421	0
7.51863670349121	0.906446933746338	0.808743178844452	6.08052206039429	0.980000019073486	0.800000011920929
7.09563255310059	0.940219163894653	0.830601096153259	5.95624399185181	0.980000019073486	0.800000011920929
5.999587059021	0.991131365299225	0.923497259616852	6.13748931884766	0.980000019073486	0.800000011920929
6.83497762680054	0.954066932201385	0.863388001918793	5.73090076446533	1	1
8.0892915725708	0.912829518318176	0.841530025005341	6.92199468612671	0.939999997615814	0.800000011920929
6.08942031860352	0.982367277145386	0.901639342308044	5.62970495223999	1	1
6.11826610565186	0.978403389453888	0.890710353851318	16.6223602294922	0.417499989271164	0.300000011920929
11.2528858184814	0.809609115123749	0.683060109615326	5.3997745513916	1	1
6.26675033569336	0.971923589706421	0.85792350769043	5.51082849502563	1	1
6.47437715530396	0.957612931728363	0.8852459192276	5.50203895568848	1	1
6.20875883102417	0.968579173088074	0.8852459192276	6.30100631713867	0.972500026226044	0.899999976158142
6.4416766166687	0.959023833274841	0.85792350769043	11.4113388061523	0.560000002384186	0.300000011920929
6.27514457702637	0.962935566902161	0.863388001918793	12.5759229660034	0.497500002384186	0.400000005960464
6.95966720581055	0.922556638717651	0.781420767307281	6.66107082366943	0.935000061988831	0.699999988079071
6.0817985534668	0.969810962677002	0.8852459192276	6.22046184539795	0.959999978542328	0.800000011920929
7.54140043258667	0.911538124084473	0.775956273078918	5.80293464660645	0.980000019073486	0.800000011920929
7.94565916061401	0.910418331623077	0.830601096153259	5.26721715927124	1	1
9.01295852661133	0.88143128156662	0.781420767307281	6.43937206268311	0.950000047683716	0.800000011920929
6.20807313919067	0.960897624492645	0.874316930770874	5.91306400299072	0.985000014305115	0.899999976158142
5.70624494552612	0.991355299949646	0.912568330764771	6.29342174530029	0.965000033378601	0.800000011920929
6.1597900390625	0.96179336309433	0.874316930770874	5.14382791519165	1	1
6.07131719589233	0.965854406356812	0.868852436542511	5.0643482208252	1	1
6.00635957717896	0.969631791114807	0.863388001918793	13.404317855835	0.564999997615814	0.400000005960464
6.67438125610352	0.92792409658432	0.797814190387726	6.68287563323975	0.914999961853027	0.800000011920929
5.94881296157837	0.972229659557343	0.879781424999237	5.58401203155518	0.980000019073486	0.800000011920929
5.83438730239868	0.978896081447601	0.890710353851318	5.0854024887085	1	1
6.22653532028198	0.946796059608459	0.868852436542511	7.35080051422119	0.834999978542328	0.699999988079071
5.8419041633606	0.973132967948914	0.868852436542511	5.15296125411987	1	1
5.75708723068237	0.975275576114655	0.896174848079681	4.88906383514404	1	1
8.22641372680664	0.899989545345306	0.803278684616089	5.099853515625	1	1
6.0554084777832	0.951103329658508	0.803278684616089	5.53550624847412	0.975000023841858	0.899999976158142
7.14634847640991	0.897563397884369	0.792349755764008	6.57617712020874	0.902500033378601	0.699999988079071
6.29709625244141	0.944750607013702	0.841530025005341	5.19646835327148	1	1
5.44695663452148	0.989511489868164	0.907103836536407	4.80025863647461	1	1
7.61075305938721	0.887851297855377	0.754098355770111	4.80098104476929	1	1
7.18026447296143	0.908417701721191	0.814207673072815	6.99365234375	0.837499976158142	0.699999988079071
5.91135740280151	0.960292935371399	0.868852436542511	5.05529594421387	1	1
6.9558744430542	0.908365428447723	0.781420767307281	5.27130603790283	0.995000004768372	1
5.33291864395142	0.99175101518631	0.918032765388489	4.99475717544556	0.995000004768372	0.899999976158142
5.50835466384888	0.978097319602966	0.890710353851318	6.48380374908447	0.897499978542328	0.699999988079071
6.12471866607666	0.941749513149261	0.792349755764008	4.68846988677979	1	1
6.45936918258667	0.92510974407196	0.792349755764008	8.34149932861328	0.707499980926514	0.5
6.22656440734863	0.939024746417999	0.85792350769043	5.22608280181885	0.990000009536743	0.899999976158142
5.22780561447144	0.991064190864563	0.928961753845215	6.43687582015991	0.897500038146973	0.699999988079071
5.33351373672485	0.98432320356369	0.907103836536407	5.421058177948	0.975000023841858	0.800000011920929
5.30427837371826	0.98444265127182	0.901639342308044	4.57302761077881	1	1
6.36911773681641	0.924213945865631	0.781420767307281	7.90772104263306	0.837499976158142	0.699999988079071
5.60726261138916	0.96187549829483	0.852459013462067	4.53332090377808	1	1
5.271653175354	0.982979536056519	0.901639342308044	4.83820343017578	0.995000004768372	0.899999976158142
5.97361993789673	0.937942326068878	0.836065590381622	4.48295927047729	1	1
5.92432355880737	0.934030473232269	0.803278684616089	6.57462549209595	0.879999935626984	0.800000011920929
5.11327695846558	0.987197279930115	0.901639342308044	9.08928108215332	0.759999990463257	0.400000005960464
6.62384986877441	0.923407733440399	0.836065590381622	7.38330364227295	0.774999976158142	0.5
6.36900901794434	0.921705603599548	0.819672107696533	5.78459692001343	0.927500009536743	0.899999976158142
7.58557271957397	0.87098753452301	0.74316942691803	5.82430601119995	0.930000007152557	0.800000011920929
5.04315614700317	0.987973630428314	0.912568330764771	7.36668395996094	0.794999957084656	0.600000023841858
5.04169416427612	0.987159967422485	0.907103836536407	6.59941244125366	0.835000038146973	0.699999988079071
5.8443169593811	0.944347381591797	0.868852436542511	4.33324527740479	1	1
5.42201328277588	0.959621131420135	0.863388001918793	5.6512770652771	0.935000002384186	0.800000011920929
5.40770435333252	0.956030368804932	0.879781424999237	6.92594385147095	0.824999988079071	0.800000011920929
5.10432863235474	0.980202436447144	0.896174848079681	4.27346849441528	1	1
5.1319785118103	0.97485738992691	0.8852459192276	8.03170776367188	0.757499992847443	0.699999988079071
7.21853113174438	0.896316707134247	0.830601096153259	4.29581928253174	1	1
5.05837249755859	0.975417256355286	0.868852436542511	4.89640045166016	0.980000019073486	0.800000011920929
6.10200119018555	0.926737248897552	0.803278684616089	4.72176074981689	0.987500011920929	0.899999976158142
5.24618768692017	0.95897912979126	0.879781424999237	7.08984279632568	0.804999947547913	0.600000023841858
5.96114015579224	0.924154222011566	0.792349755764008	4.32492685317993	1	1
5.33615207672119	0.954671680927277	0.8852459192276	5.34251308441162	0.965000033378601	0.899999976158142
5.65953254699707	0.932194173336029	0.830601096153259	4.7025260925293	0.985000014305115	0.899999976158142
5.26909589767456	0.955537617206573	0.879781424999237	5.95435619354248	0.897499978542328	0.800000011920929
4.87839508056641	0.982203125953674	0.8852459192276	4.09404230117798	1	1
7.52417707443237	0.858110129833221	0.715847015380859	4.3549633026123	1	1
4.94135522842407	0.975701034069061	0.879781424999237	5.75437164306641	0.925000011920929	0.800000011920929
5.38075065612793	0.944817662239075	0.825136601924896	4.96560525894165	0.960000038146973	0.800000011920929
5.07923078536987	0.965675294399261	0.863388001918793	4.22536182403564	1	1
4.75190162658691	0.983994781970978	0.890710353851318	4.41374492645264	0.995000004768372	0.899999976158142
4.68508338928223	0.987787008285522	0.918032765388489	4.43697738647461	0.990000009536743	0.899999976158142
4.56993913650513	0.993117094039917	0.939890682697296	10.022668838501	0.707500040531158	0.400000005960464
6.43312168121338	0.880923569202423	0.693989098072052	4.80316734313965	0.980000019073486	0.899999976158142
5.19806051254272	0.947057247161865	0.879781424999237	6.78125476837158	0.819999992847443	0.699999988079071
4.68112087249756	0.980463743209839	0.928961753845215	5.36798238754272	0.930000007152557	0.800000011920929
4.5452995300293	0.988802313804626	0.918032765388489	4.19633626937866	0.995000004768372	0.899999976158142
5.87032175064087	0.905648171901703	0.754098355770111	5.25070095062256	0.945000052452087	0.800000011920929
5.88910818099976	0.913695573806763	0.797814190387726	6.44725131988525	0.814999997615814	0.699999988079071
4.89624547958374	0.963398456573486	0.8852459192276	3.85683131217957	1	1
5.39237022399902	0.935740053653717	0.803278684616089	4.71935081481934	0.959999918937683	0.800000011920929
5.68727445602417	0.927259683609009	0.852459013462067	3.88900446891785	1	1
5.69036960601807	0.919480979442596	0.846994519233704	3.89776611328125	1	1
4.97583103179932	0.955925762653351	0.8852459192276	4.52499580383301	0.985000014305115	0.899999976158142
4.56818866729736	0.982792854309082	0.890710353851318	7.2385835647583	0.75	0.600000023841858
5.06732511520386	0.950274646282196	0.852459013462067	5.91924381256104	0.882499992847443	0.699999988079071
5.07551193237305	0.949460983276367	0.819672107696533	5.80292320251465	0.882499933242798	0.699999988079071
4.44581174850464	0.987309277057648	0.928961753845215	4.62791967391968	0.970000028610229	0.899999976158142
4.76693820953369	0.964100062847137	0.868852436542511	4.46878480911255	0.975000023841858	0.899999976158142
4.44287490844727	0.985674381256104	0.896174848079681	3.71065378189087	1	1
4.73172569274902	0.967571437358856	0.863388001918793	3.69040369987488	1	1
6.01217317581177	0.910604953765869	0.819672107696533	5.15405702590942	0.929999947547913	0.800000011920929
4.33150005340576	0.988040864467621	0.918032765388489	3.93008494377136	0.995000064373016	0.899999976158142
4.31185817718506	0.987488448619843	0.907103836536407	3.73360133171082	1	1
4.98673295974731	0.952939748764038	0.830601096153259	4.07636213302612	0.985000014305115	0.899999976158142
4.9550929069519	0.951663196086884	0.896174848079681	3.60929727554321	1	1
4.62492942810059	0.963047504425049	0.879781424999237	4.57180690765381	0.977500021457672	0.899999976158142
4.21386528015137	0.987413823604584	0.928961753845215	4.054030418396	0.990000009536743	0.899999976158142
5.00947332382202	0.935202598571777	0.814207673072815	10.1473236083984	0.534999966621399	0.200000002980232
5.9852294921875	0.903236865997314	0.765027344226837	5.89218473434448	0.872499942779541	0.699999988079071
4.18521738052368	0.98633873462677	0.912568330764771	4.98433542251587	0.912500023841858	0.800000011920929
5.31754112243652	0.923333048820496	0.863388001918793	3.94037103652954	0.995000004768372	0.899999976158142
4.17277145385742	0.986988306045532	0.907103836536407	6.53601741790771	0.799999952316284	0.699999988079071
4.35952568054199	0.976664006710052	0.896174848079681	3.51123476028442	1	1
4.98775482177734	0.939644336700439	0.803278684616089	4.14652252197266	0.982500076293945	0.899999976158142
4.11892080307007	0.986480593681335	0.896174848079681	3.82618379592896	0.995000004768372	0.899999976158142
4.07237482070923	0.988272309303284	0.890710353851318	3.64414358139038	1	1
4.07435035705566	0.987025558948517	0.912568330764771	5.77491188049316	0.869999885559082	0.699999988079071
5.08825254440308	0.92011547088623	0.830601096153259	7.39218425750732	0.685000002384186	0.5
5.2643666267395	0.909895718097687	0.759562849998474	4.43916082382202	0.967499971389771	0.800000011920929
4.10713052749634	0.983487129211426	0.890710353851318	4.84183835983276	0.927500009536743	0.800000011920929
4.26498222351074	0.969631850719452	0.874316930770874	3.64896845817566	0.995000004768372	0.899999976158142
3.97835755348206	0.987354040145874	0.912568330764771	3.4611976146698	1	1
5.0971884727478	0.931962788105011	0.808743178844452	3.56981325149536	1	1
3.87934851646423	0.990526735782623	0.928961753845215	4.20138835906982	0.970000028610229	0.800000011920929
4.50698947906494	0.945780634880066	0.8852459192276	3.22461247444153	1	1
4.30135011672974	0.957874238491058	0.863388001918793	6.87341785430908	0.737499952316284	0.5
5.39589643478394	0.899138450622559	0.754098355770111	4.0920672416687	0.980000019073486	0.899999976158142
4.03967380523682	0.978784143924713	0.879781424999237	4.98593997955322	0.910000026226044	0.800000011920929
4.44390773773193	0.9495729804039	0.868852436542511	5.6446385383606	0.877499938011169	0.899999976158142
3.90100502967834	0.982897341251373	0.918032765388489	3.49947166442871	0.995000004768372	0.899999976158142
4.0155143737793	0.974760293960571	0.896174848079681	3.12996053695679	1	1
4.77120542526245	0.922160983085632	0.759562849998474	3.69610834121704	0.995000004768372	0.899999976158142
3.80056357383728	0.985846042633057	0.879781424999237	3.64488744735718	0.992500066757202	0.899999976158142
3.81671071052551	0.985704243183136	0.896174848079681	3.51752328872681	0.995000004768372	0.899999976158142
5.1039834022522	0.904207348823547	0.74316942691803	3.98702764511108	0.970000028610229	0.899999976158142
4.43174982070923	0.940368473529816	0.846994519233704	3.09029936790466	1	1
4.58289623260498	0.935844600200653	0.836065590381622	3.35809755325317	1	1
3.65354871749878	0.994124889373779	0.934426248073578	3.60332345962524	0.985000014305115	0.899999976158142
3.70063185691833	0.989444315433502	0.934426248073578	3.1842155456543	1	1
4.04946327209473	0.966817438602448	0.846994519233704	3.17955780029297	1	1
5.4088020324707	0.907208323478699	0.786885261535645	8.28745460510254	0.555000007152557	0.300000011920929
3.82932591438293	0.976820766925812	0.874316930770874	5.77361059188843	0.800000011920929	0.699999988079071
3.98865270614624	0.966526329517365	0.863388001918793	3.82334661483765	0.980000019073486	0.800000011920929
4.42832946777344	0.938054263591766	0.814207673072815	3.25978398323059	1	1
3.61735081672668	0.990243077278137	0.928961753845215	3.0252947807312	1	1
4.28705644607544	0.958538591861725	0.852459013462067	2.97380137443542	1	1
4.45843982696533	0.932104587554932	0.830601096153259	3.007404088974	1	1
3.98993110656738	0.969318330287933	0.85792350769043	9.60700130462646	0.47749999165535	0.100000001490116
3.79500603675842	0.973954141139984	0.901639342308044	4.03253889083862	0.944999992847443	0.800000011920929
3.53681921958923	0.991639018058777	0.923497259616852	2.933509349823	1	1
3.88777160644531	0.965496122837067	0.879781424999237	3.26825404167175	0.995000004768372	0.899999976158142
3.47830128669739	0.991594254970551	0.923497259616852	3.07682251930237	1	1
5.09008932113647	0.899407267570496	0.754098355770111	4.93884038925171	0.854999959468842	0.699999988079071
4.61878156661987	0.929521679878235	0.808743178844452	5.48764848709106	0.8125	0.699999988079071
4.10283708572388	0.949222087860107	0.868852436542511	3.21161961555481	0.995000004768372	0.899999976158142
4.03924751281738	0.956425964832306	0.852459013462067	3.41263318061829	0.982500076293945	0.899999976158142
3.44739603996277	0.988055765628815	0.939890682697296	2.85129642486572	1	1
4.24867534637451	0.947191596031189	0.825136601924896	3.18893933296204	0.992500007152557	0.899999976158142
4.0288872718811	0.952238082885742	0.841530025005341	2.76877450942993	1	1
4.92059087753296	0.904095411300659	0.797814190387726	3.03736209869385	0.995000004768372	0.899999976158142
3.84270215034485	0.958128035068512	0.896174848079681	3.46818470954895	0.985000014305115	0.899999976158142
3.37899327278137	0.991870522499084	0.912568330764771	3.32068371772766	0.985000014305115	0.899999976158142
3.30640912055969	0.993796467781067	0.939890682697296	3.54840159416199	0.980000019073486	0.800000011920929
3.52172780036926	0.977283596992493	0.896174848079681	2.717848777771	1	1
4.06850624084473	0.93756902217865	0.814207673072815	3.33646631240845	0.985000014305115	0.899999976158142
3.33857727050781	0.989989280700684	0.923497259616852	3.6886031627655	0.980000019073486	0.899999976158142
3.89280796051025	0.950394153594971	0.803278684616089	4.08750438690186	0.944999992847443	0.899999976158142
3.67858719825745	0.96808660030365	0.8852459192276	2.6670241355896	1	1
4.63924503326416	0.912239789962769	0.754098355770111	2.81315612792969	1	1
3.4192054271698	0.980814576148987	0.890710353851318	4.05884981155396	0.932500004768372	0.800000011920929
3.29261016845703	0.988809764385223	0.923497259616852	2.98977756500244	0.995000004768372	0.899999976158142
3.36239051818848	0.984987616539001	0.907103836536407	3.0243353843689	0.995000004768372	0.899999976158142
4.26621150970459	0.92011559009552	0.819672107696533	3.15187668800354	0.985000014305115	0.899999976158142
3.3704993724823	0.984099268913269	0.890710353851318	3.14092612266541	0.985000014305115	0.899999976158142
4.11361312866211	0.951805055141449	0.852459013462067	3.3750262260437	0.980000019073486	0.800000011920929
3.63485598564148	0.963883697986603	0.874316930770874	4.40798616409302	0.889999985694885	0.800000011920929
3.36056280136108	0.981359601020813	0.912568330764771	3.192298412323	0.985000014305115	0.899999976158142
3.32119464874268	0.984069406986237	0.907103836536407	4.45611381530762	0.909999966621399	0.800000011920929
5.01528358459473	0.885499775409698	0.748633861541748	2.742427110672	1	1
3.2063455581665	0.989265203475952	0.918032765388489	2.54267072677612	1	1
3.98876643180847	0.947348356246948	0.841530025005341	3.50781488418579	0.975000023841858	0.899999976158142
3.10290360450745	0.993811428546906	0.950819671154022	2.87166666984558	1	1
3.38642358779907	0.975984632968903	0.890710353851318	3.50312376022339	0.977499961853027	0.800000011920929
3.15128207206726	0.989489078521729	0.907103836536407	2.58632183074951	1	1
3.08307147026062	0.991758525371552	0.923497259616852	9.23722267150879	0.582500040531158	0.300000011920929
4.99937915802002	0.880804121494293	0.726775944232941	3.58220601081848	0.964999973773956	0.800000011920929
3.67585158348083	0.955798864364624	0.852459013462067	2.77870869636536	0.995000004768372	0.899999976158142
3.25490427017212	0.978545248508453	0.907103836536407	2.42927408218384	1	1
4.01838541030884	0.934426188468933	0.825136601924896	2.42038726806641	1	1
3.47865128517151	0.963913559913635	0.841530025005341	2.94327402114868	0.990000009536743	0.899999976158142
3.05842542648315	0.988369286060333	0.918032765388489	2.42974781990051	1	1
3.4432909488678	0.959882259368896	0.846994519233704	2.38026714324951	1	1
4.66501808166504	0.900818228721619	0.786885261535645	8.75283241271973	0.462499976158142	0
4.38731241226196	0.907499432563782	0.792349755764008	2.95498776435852	0.995000064373016	0.899999976158142
3.08087158203125	0.986219346523285	0.912568330764771	2.5955491065979	0.995000064373016	0.899999976158142
3.62338638305664	0.955209136009216	0.830601096153259	4.17743921279907	0.922500014305115	0.899999976158142
3.23520636558533	0.973222434520721	0.912568330764771	4.7359414100647	0.877499938011169	0.899999976158142
3.47693133354187	0.958016037940979	0.890710353851318	2.95381426811218	0.990000069141388	0.899999976158142
3.05887699127197	0.984457552433014	0.890710353851318	2.32435369491577	1	1
3.84576439857483	0.931835770606995	0.819672107696533	3.15235328674316	0.975000023841858	0.899999976158142
3.10254502296448	0.980053186416626	0.890710353851318	4.25007820129395	0.884999990463257	0.699999988079071
4.21016883850098	0.906685769557953	0.737704932689667	3.21456980705261	0.972499966621399	0.899999976158142
3.4503059387207	0.963868677616119	0.85792350769043	2.34346151351929	1	1
3.35756206512451	0.963338732719421	0.841530025005341	2.81197023391724	0.985000014305115	0.899999976158142
2.89331889152527	0.992505013942719	0.934426248073578	2.53825354576111	1	1
2.94215226173401	0.990586519241333	0.934426248073578	4.20819854736328	0.882499992847443	0.800000011920929
3.04935431480408	0.979582786560059	0.879781424999237	5.58919811248779	0.752499997615814	0.699999988079071
3.95683979988098	0.922683596611023	0.754098355770111	2.94490504264832	0.980000019073486	0.800000011920929
2.97991037368774	0.982427060604095	0.907103836536407	2.21638870239258	1	1
4.50757789611816	0.904028236865997	0.803278684616089	4.27958393096924	0.834999978542328	0.699999988079071
3.08758211135864	0.979903936386108	0.890710353851318	2.65830540657043	0.995000004768372	0.899999976158142
2.88495516777039	0.987204790115356	0.918032765388489	2.77310681343079	0.985000014305115	0.899999976158142
2.82083868980408	0.990041494369507	0.934426248073578	5.63318872451782	0.730000019073486	0.600000023841858
3.64138770103455	0.939853429794312	0.819672107696533	4.1117467880249	0.894999980926514	0.800000011920929
3.77209115028381	0.936023712158203	0.819672107696533	2.20974397659302	1	1
3.03202867507935	0.977500081062317	0.85792350769043	4.28812313079834	0.879999995231628	0.699999988079071
2.8495774269104	0.986070036888123	0.918032765388489	3.48409199714661	0.939999997615814	0.800000011920929
2.93229103088379	0.981717884540558	0.8852459192276	4.44466495513916	0.862499952316284	0.800000011920929
3.22889089584351	0.960837781429291	0.841530025005341	5.66453742980957	0.754999995231628	0.600000023841858
3.68221092224121	0.933440864086151	0.797814190387726	2.21922159194946	1	1
3.46331095695496	0.947654485702515	0.803278684616089	2.29872059822083	1	1
2.93676447868347	0.981210231781006	0.8852459192276	2.7048773765564	0.985000014305115	0.899999976158142
2.79608011245728	0.986995756626129	0.918032765388489	2.96281933784485	0.98499995470047	0.899999976158142
3.52545666694641	0.942451238632202	0.797814190387726	2.83390116691589	0.982499957084656	0.899999976158142
2.78335547447205	0.985622107982635	0.901639342308044	3.27164769172668	0.960000038146973	0.899999976158142
2.70616555213928	0.989474177360535	0.912568330764771	4.68513298034668	0.824999988079071	0.600000023841858
3.55167102813721	0.945825397968292	0.874316930770874	2.34274387359619	1	1
2.71778440475464	0.987451076507568	0.907103836536407	2.06773281097412	1	1
3.38208651542664	0.947893261909485	0.819672107696533	2.74842381477356	0.98499995470047	0.899999976158142
3.25996136665344	0.953977465629578	0.830601096153259	2.05119228363037	1	1
2.70293235778809	0.988988876342773	0.918032765388489	3.63198137283325	0.932500004768372	0.800000011920929
3.12069749832153	0.961218655109406	0.85792350769043	2.13141870498657	1	1
2.92103815078735	0.977627038955688	0.896174848079681	2.35174179077148	0.995000004768372	0.899999976158142
2.92924547195435	0.969131648540497	0.8852459192276	2.23775839805603	1	1
2.77767086029053	0.979261815547943	0.890710353851318	3.66142082214355	0.897499918937683	0.899999976158142
3.22609996795654	0.95140939950943	0.803278684616089	2.78385853767395	0.985000014305115	0.899999976158142
2.89896941184998	0.970199108123779	0.879781424999237	2.30549001693726	0.995000004768372	0.899999976158142
2.58300065994263	0.989802658557892	0.934426248073578	3.67389869689941	0.917499959468842	0.800000011920929
3.00290822982788	0.960210859775543	0.874316930770874	2.46938228607178	0.995000004768372	0.899999976158142
2.86354851722717	0.972057938575745	0.852459013462067	2.7364387512207	0.985000014305115	0.899999976158142
2.53172421455383	0.989922046661377	0.945355176925659	2.02197647094727	1	1
3.76869750022888	0.917248904705048	0.803278684616089	3.84711980819702	0.902499914169312	0.899999976158142
2.91760683059692	0.964197218418121	0.85792350769043	4.86264133453369	0.857500016689301	0.800000011920929
3.41583609580994	0.933963298797607	0.808743178844452	2.32346987724304	0.995000004768372	0.899999976158142
2.79714393615723	0.972453594207764	0.907103836536407	5.13393688201904	0.79749995470047	0.699999988079071
2.72080326080322	0.973558485507965	0.907103836536407	2.25192594528198	0.995000064373016	0.899999976158142
2.78439545631409	0.975857734680176	0.879781424999237	3.8434271812439	0.899999976158142	0.800000011920929
2.76109147071838	0.973954081535339	0.863388001918793	1.96175360679626	1	1
2.61018037796021	0.983285546302795	0.907103836536407	2.432541847229	0.98499995470047	0.899999976158142
2.46494770050049	0.989981770515442	0.907103836536407	1.96977019309998	1	1
3.9721827507019	0.909940540790558	0.781420767307281	4.96581792831421	0.837499976158142	0.800000011920929
2.73637413978577	0.971072554588318	0.868852436542511	2.59760093688965	0.980000019073486	0.899999976158142
2.75255537033081	0.97373765707016	0.85792350769043	1.8274986743927	1	1
3.7157096862793	0.917868494987488	0.781420767307281	2.09345674514771	1	1
2.41461372375488	0.991974949836731	0.934426248073578	1.83291029930115	1	1
3.62664270401001	0.921735525131226	0.819672107696533	3.23812532424927	0.922500014305115	0.800000011920929
3.18339800834656	0.945429861545563	0.852459013462067	1.89931321144104	1	1
2.43972182273865	0.990504384040833	0.912568330764771	2.25889682769775	0.995000004768372	0.899999976158142
2.3930356502533	0.991340458393097	0.896174848079681	1.93988645076752	1	1
2.56419205665588	0.98264354467392	0.868852436542511	2.64483618736267	0.979999959468842	0.899999976158142
2.49569034576416	0.983509480953217	0.918032765388489	1.87621915340424	1	1
2.8866069316864	0.961225986480713	0.830601096153259	3.04369258880615	0.960000038146973	0.800000011920929
3.48387145996094	0.931313276290894	0.803278684616089	2.68254733085632	0.974999964237213	0.800000011920929
2.48002648353577	0.983240783214569	0.901639342308044	2.71354007720947	0.970000028610229	0.899999976158142
2.37655711174011	0.989623486995697	0.907103836536407	1.97227120399475	1	1
2.45122718811035	0.982972025871277	0.890710353851318	4.38631534576416	0.8125	0.800000011920929
3.4683678150177	0.937591433525085	0.830601096153259	1.72671246528625	1	1
3.9553337097168	0.907783150672913	0.765027344226837	1.94653928279877	1	1
2.74448323249817	0.969601929187775	0.879781424999237	2.42503786087036	0.980000019073486	0.899999976158142
2.40379405021667	0.98677921295166	0.912568330764771	2.77848935127258	0.969999969005585	0.899999976158142
2.51429867744446	0.978664755821228	0.896174848079681	2.67334151268005	0.969999969005585	0.899999976158142
2.9476375579834	0.951678097248077	0.814207673072815	2.59072661399841	0.980000019073486	0.800000011920929
2.32398843765259	0.990422248840332	0.928961753845215	1.73479425907135	1	1
2.40949678421021	0.98406195640564	0.912568330764771	1.70568180084229	1	1
2.3075704574585	0.990183293819427	0.918032765388489	1.69273793697357	1	1
2.73945069313049	0.96279376745224	0.868852436542511	2.29028749465942	0.980000019073486	0.800000011920929
2.80089235305786	0.956926107406616	0.863388001918793	2.2413969039917	0.985000014305115	0.899999976158142
2.44080591201782	0.981464028358459	0.8852459192276	2.36337852478027	0.985000014305115	0.899999976158142
2.35103011131287	0.98586106300354	0.890710353851318	1.92834448814392	0.995000004768372	0.899999976158142
3.99857807159424	0.898339748382568	0.770491778850555	3.38398051261902	0.932500004768372	0.800000011920929
2.42058396339417	0.977985262870789	0.907103836536407	2.24893999099731	0.985000014305115	0.899999976158142
2.38079428672791	0.981822371482849	0.901639342308044	5.45523834228516	0.757499992847443	0.699999988079071
2.39169716835022	0.980538368225098	0.879781424999237	3.28410029411316	0.929999947547913	0.899999976158142
2.54917430877686	0.969609439373016	0.868852436542511	3.65631341934204	0.892499923706055	0.899999976158142
4.60711812973022	0.866926431655884	0.737704932689667	1.71772694587708	1	1
2.57428026199341	0.968818187713623	0.890710353851318	1.66463124752045	1	1
2.32136988639832	0.987876653671265	0.923497259616852	1.84042763710022	1	1
2.36782717704773	0.984002232551575	0.907103836536407	2.29682397842407	0.985000014305115	0.899999976158142
2.24076414108276	0.991355359554291	0.934426248073578	1.60226798057556	1	1
3.97525000572205	0.90012389421463	0.781420767307281	1.71006321907043	1	1
2.37410807609558	0.985331058502197	0.8852459192276	3.28152322769165	0.889999985694885	0.800000011920929
2.75420570373535	0.966108322143555	0.836065590381622	2.64858508110046	0.965000033378601	0.800000011920929
2.82975935935974	0.952536642551422	0.868852436542511	2.01105356216431	0.994999945163727	0.899999976158142
2.20479440689087	0.989436864852905	0.945355176925659	4.84294414520264	0.724999964237213	0.600000023841858
2.75598835945129	0.95684403181076	0.863388001918793	1.98311066627502	0.995000004768372	0.899999976158142
2.18907070159912	0.991668879985809	0.939890682697296	2.91423606872559	0.934999942779541	0.800000011920929
2.27894926071167	0.983270645141602	0.907103836536407	11.8501043319702	0.397499978542328	0.200000002980232
4.26730680465698	0.867195129394531	0.726775944232941	3.25909948348999	0.899999976158142	0.800000011920929
2.20300269126892	0.988682866096497	0.923497259616852	2.78301382064819	0.947499990463257	0.800000011920929
2.23571586608887	0.987906455993652	0.901639342308044	1.64306795597076	1	1
2.22194910049438	0.98701810836792	0.912568330764771	1.81025671958923	0.995000004768372	0.899999976158142
2.76488828659058	0.956007957458496	0.868852436542511	2.70932960510254	0.975000083446503	0.899999976158142
2.33627343177795	0.982807755470276	0.923497259616852	2.1047306060791	0.985000014305115	0.899999976158142
2.22720146179199	0.98701810836792	0.923497259616852	1.92722928524017	0.995000004768372	0.899999976158142
2.34101033210754	0.98106837272644	0.907103836536407	2.93473076820374	0.949999928474426	0.899999976158142
2.2410991191864	0.982539057731628	0.912568330764771	3.54332661628723	0.887499988079071	0.899999976158142
2.91481828689575	0.945205926895142	0.792349755764008	1.67946910858154	1	1
2.48848462104797	0.971968412399292	0.868852436542511	2.68524217605591	0.96750009059906	0.899999976158142
2.96247673034668	0.945086419582367	0.825136601924896	1.54530358314514	1	1
2.20837879180908	0.986443340778351	0.912568330764771	2.61140751838684	0.977500021457672	0.899999976158142
2.09397387504578	0.990959763526917	0.918032765388489	1.77149128913879	0.995000004768372	0.899999976158142
2.18307518959045	0.987675070762634	0.901639342308044	1.48140478134155	1	1
2.76523780822754	0.950319468975067	0.825136601924896	3.18499326705933	0.909999966621399	0.800000011920929
2.8816511631012	0.939136683940887	0.852459013462067	1.49580788612366	1	1
2.99622654914856	0.934373915195465	0.792349755764008	2.01164150238037	0.985000014305115	0.899999976158142
2.31561136245728	0.980739951133728	0.896174848079681	1.86315536499023	0.995000004768372	0.899999976158142
2.33904767036438	0.972356498241425	0.901639342308044	3.10127568244934	0.909999966621399	0.899999976158142
2.28433322906494	0.978896021842957	0.912568330764771	2.40482211112976	0.98499995470047	0.899999976158142
2.14573168754578	0.983494520187378	0.934426248073578	3.64854121208191	0.899999916553497	0.800000011920929
2.06467771530151	0.991079211235046	0.923497259616852	3.14142251014709	0.905000030994415	0.800000011920929
2.35189819335938	0.975506901741028	0.868852436542511	1.52395439147949	1	1
3.09381628036499	0.945549249649048	0.841530025005341	1.47449481487274	1	1
2.52590894699097	0.960561752319336	0.836065590381622	1.92867374420166	0.990000009536743	0.899999976158142
3.21840143203735	0.918734490871429	0.825136601924896	3.26152086257935	0.879999935626984	0.899999976158142
2.29901647567749	0.978925943374634	0.890710353851318	3.98380970954895	0.849999964237213	0.800000011920929
2.08654999732971	0.988167762756348	0.896174848079681	1.96305561065674	0.995000004768372	0.899999976158142
1.99795520305634	0.992176592350006	0.928961753845215	2.14592027664185	0.985000014305115	0.899999976158142
2.2471776008606	0.980127811431885	0.890710353851318	2.04604983329773	0.990000069141388	0.899999976158142
2.03087258338928	0.989981770515442	0.918032765388489	2.45518231391907	0.979999959468842	0.899999976158142
2.00456357002258	0.99065363407135	0.923497259616852	3.07541227340698	0.897499918937683	0.899999976158142
3.62451076507568	0.903095066547394	0.74316942691803	1.54781484603882	1	1
2.43495631217957	0.964256882667542	0.836065590381622	3.4198431968689	0.870000004768372	0.800000011920929
2.18012952804565	0.976410150527954	0.890710353851318	2.56234979629517	0.957499980926514	0.899999976158142
2.54711437225342	0.957829415798187	0.8852459192276	1.48948740959167	1	1
2.39873623847961	0.96297287940979	0.874316930770874	3.71538496017456	0.857499957084656	0.800000011920929
2.20982956886292	0.974342286586761	0.912568330764771	3.17624807357788	0.904999971389771	0.800000011920929
2.38767337799072	0.963323712348938	0.846994519233704	1.70636713504791	0.995000004768372	0.899999976158142
2.08956837654114	0.987809419631958	0.901639342308044	2.050208568573	0.984999895095825	0.899999976158142
2.09888386726379	0.983091473579407	0.912568330764771	1.47338092327118	1	1
2.98555636405945	0.931761205196381	0.874316930770874	4.4233546257019	0.845000028610229	0.800000011920929
2.18667602539062	0.977836012840271	0.890710353851318	2.63794088363647	0.962499976158142	0.899999976158142
2.00326228141785	0.987682461738586	0.918032765388489	2.21691632270813	0.98500007390976	0.899999976158142
1.85243737697601	0.995535850524902	0.928961753845215	1.73203241825104	0.995000004768372	0.899999976158142
2.14534878730774	0.978612422943115	0.890710353851318	1.72406077384949	0.995000004768372	0.899999976158142
2.35944795608521	0.964839220046997	0.836065590381622	1.58548152446747	0.995000004768372	0.899999976158142
2.64410138130188	0.946318209171295	0.781420767307281	3.55037999153137	0.872500002384186	0.800000011920929
2.15417218208313	0.976820766925812	0.890710353851318	1.52340972423553	1	1
2.30617880821228	0.966601014137268	0.868852436542511	2.19219207763672	0.985000014305115	0.899999976158142
2.50926995277405	0.955925822257996	0.846994519233704	1.96716845035553	0.985000014305115	0.899999976158142
1.92203557491302	0.989698171615601	0.923497259616852	1.34761953353882	1	1
2.10242056846619	0.978201746940613	0.896174848079681	4.06725025177002	0.840000033378601	0.699999988079071
2.53561282157898	0.952372372150421	0.830601096153259	2.30789661407471	0.980000019073486	0.899999976158142
1.91940486431122	0.989444255828857	0.923497259616852	3.09124803543091	0.92249995470047	0.800000011920929
2.08877301216125	0.976201176643372	0.912568330764771	3.44490003585815	0.889999985694885	0.800000011920929
2.03784036636353	0.981419265270233	0.901639342308044	2.0062313079834	0.980000019073486	0.899999976158142
2.04347252845764	0.982121050357819	0.890710353851318	2.01705813407898	0.985000014305115	0.899999976158142
3.46437811851501	0.909694254398346	0.792349755764008	1.89410269260406	0.980000019073486	0.800000011920929
1.8649867773056	0.991527020931244	0.923497259616852	4.54685115814209	0.752499997615814	0.600000023841858
2.14134836196899	0.973774969577789	0.8852459192276	1.55089020729065	1	1
1.78661680221558	0.994834184646606	0.945355176925659	1.26948964595795	1	1
2.18823933601379	0.970766484737396	0.8852459192276	2.44155478477478	0.949999928474426	0.899999976158142
2.30768632888794	0.961681485176086	0.846994519233704	3.22819948196411	0.922500014305115	0.800000011920929
2.7034318447113	0.93812894821167	0.775956273078918	2.3398540019989	0.960000038146973	0.899999976158142
1.86044323444366	0.990668535232544	0.928961753845215	1.52734684944153	1	1
2.00840473175049	0.980642914772034	0.907103836536407	4.21594667434692	0.800000011920929	0.600000023841858
1.91903018951416	0.98592072725296	0.918032765388489	1.25350522994995	1	1
3.10568428039551	0.919428765773773	0.819672107696533	1.46001803874969	1	1
2.54217338562012	0.966690480709076	0.874316930770874	1.90344500541687	0.980000019073486	0.800000011920929
1.84526658058167	0.992422819137573	0.928961753845215	1.53383612632751	1	1
2.06101894378662	0.975827872753143	0.896174848079681	2.69307708740234	0.935000002384186	0.800000011920929
1.82759881019592	0.990496873855591	0.928961753845215	1.87545239925385	0.985000014305115	0.899999976158142
1.80026400089264	0.992855906486511	0.918032765388489	3.87438464164734	0.824999988079071	0.699999988079071
2.2000720500946	0.966212749481201	0.8852459192276	1.26991772651672	1	1
3.05941891670227	0.937121152877808	0.830601096153259	2.89867043495178	0.902499973773956	0.800000011920929
1.82448375225067	0.990198254585266	0.923497259616852	1.76669633388519	0.985000014305115	0.899999976158142
1.73570156097412	0.9948490858078	0.939890682697296	2.21024394035339	0.970000028610229	0.800000011920929
2.95114827156067	0.926998436450958	0.797814190387726	1.37542974948883	1	1
1.8144291639328	0.991385221481323	0.928961753845215	1.2093620300293	1	1
1.90842092037201	0.983569204807281	0.918032765388489	2.20104479789734	0.980000019073486	0.800000011920929
2.42272639274597	0.957135140895844	0.901639342308044	1.4930317401886	1	1
1.96898996829987	0.979896426200867	0.907103836536407	1.26384997367859	1	1
2.44950699806213	0.954238772392273	0.846994519233704	1.217533826828	1	1
2.14700293540955	0.975574016571045	0.896174848079681	3.54477310180664	0.879999995231628	0.800000011920929
2.46218371391296	0.944683253765106	0.836065590381622	1.19634699821472	1	1
1.97449886798859	0.980881810188293	0.896174848079681	1.42849004268646	1	1
3.05273938179016	0.916711509227753	0.792349755764008	1.31186759471893	1	1
1.74110615253448	0.994117498397827	0.934426248073578	1.18917655944824	1	1
1.99765801429749	0.977290987968445	0.901639342308044	1.36801052093506	1	1
1.89539158344269	0.984674036502838	0.896174848079681	1.61352229118347	0.990000009536743	0.899999976158142
2.04351449012756	0.971468269824982	0.874316930770874	1.23784518241882	1	1
2.22753977775574	0.965077996253967	0.836065590381622	1.51577007770538	0.995000004768372	0.899999976158142
