loss	auc	accuracy	val_loss	val_auc	val_accuracy
77.7195053100586	0.531256377696991	0.36756756901741	122.974502563477	0.25	0
45.7005386352539	0.545507729053497	0.400000005960464	74.9941558837891	0.25	0
31.7873630523682	0.589335262775421	0.427027016878128	15.5194072723389	1	1
30.8125877380371	0.623944461345673	0.443243235349655	71.6305160522461	0.25	0
26.310525894165	0.637282729148865	0.470270276069641	36.9786834716797	0.152499988675117	0
27.3441200256348	0.616537630558014	0.416216224431992	51.1593170166016	0.224999994039536	0
24.9345283508301	0.665069401264191	0.497297286987305	18.309741973877	0.829999983310699	0.800000011920929
24.2133731842041	0.684682250022888	0.529729723930359	15.200945854187	0.980000019073486	0.899999976158142
22.14892578125	0.750489413738251	0.57837837934494	25.90696144104	0.437499970197678	0.200000002980232
19.193826675415	0.76336008310318	0.589189171791077	47.4409790039062	0.175000011920929	0
23.6446151733398	0.688875138759613	0.497297286987305	37.9028434753418	0.262500017881393	0
22.2611331939697	0.701497435569763	0.529729723930359	22.8248424530029	0.545000016689301	0.300000011920929
16.8799743652344	0.854667603969574	0.686486482620239	23.1812438964844	0.537500023841858	0.300000011920929
20.812858581543	0.728970050811768	0.545945942401886	34.1320419311523	0.400000005960464	0
19.6578178405762	0.783520877361298	0.600000023841858	28.9791145324707	0.305000007152557	0.100000001490116
19.6106700897217	0.776230812072754	0.583783805370331	24.7071399688721	0.395000010728836	0.200000002980232
19.5719223022461	0.765595316886902	0.589189171791077	35.1528434753418	0.242500007152557	0
20.9167633056641	0.764755249023438	0.637837827205658	37.6891784667969	0.259999990463257	0
18.2780132293701	0.819912314414978	0.664864838123322	33.2640991210938	0.375	0.100000001490116
21.1186752319336	0.772994935512543	0.632432460784912	14.2047882080078	0.970000028610229	0.899999976158142
15.6118001937866	0.881884694099426	0.724324345588684	27.7399387359619	0.3125	0.100000001490116
15.48171043396	0.888897061347961	0.745945930480957	45.9614486694336	0.140000000596046	0
23.5503959655762	0.774397313594818	0.627027034759521	20.0711612701416	0.617500066757202	0.5
15.6561880111694	0.870723187923431	0.735135138034821	49.398609161377	0.275000005960464	0
28.6915760040283	0.69891893863678	0.57837837934494	14.064432144165	0.894999921321869	0.899999976158142
15.7611351013184	0.856165051460266	0.724324345588684	17.1867542266846	0.782499969005585	0.699999988079071
15.1354885101318	0.863652169704437	0.681081056594849	15.319561958313	0.857499957084656	0.699999988079071
15.0033493041992	0.890292167663574	0.740540564060211	16.3958034515381	0.84499990940094	0.800000011920929
14.9786882400513	0.88797652721405	0.772973001003265	16.2799816131592	0.855000019073486	0.600000023841858
14.8291072845459	0.885945975780487	0.72972971200943	16.467866897583	0.877499997615814	0.800000011920929
15.5028162002563	0.839883089065552	0.675675690174103	22.9343738555908	0.462500005960464	0.100000001490116
15.8412780761719	0.84027761220932	0.675675690174103	14.2058238983154	0.919999957084656	0.899999976158142
14.6786012649536	0.888590157032013	0.735135138034821	17.04541015625	0.76500004529953	0.600000023841858
12.6986093521118	0.95650839805603	0.859459459781647	47.677173614502	0.275000005960464	0
20.2751121520996	0.74159973859787	0.551351368427277	15.8339290618896	0.872500002384186	0.800000011920929
14.2417268753052	0.892870783805847	0.772973001003265	15.2690782546997	0.877499997615814	0.800000011920929
13.2975206375122	0.919327974319458	0.832432448863983	20.7449150085449	0.564999997615814	0.400000005960464
16.2138252258301	0.831037282943726	0.664864838123322	15.0765972137451	0.852499961853027	0.800000011920929
15.7754392623901	0.839700400829315	0.659459471702576	16.7216205596924	0.814999938011169	0.600000023841858
14.3403568267822	0.867187678813934	0.735135138034821	29.1061592102051	0.324999988079071	0.100000001490116
14.804536819458	0.851460874080658	0.72972971200943	15.4007034301758	0.877499878406525	0.899999976158142
13.4171953201294	0.91258579492569	0.772973001003265	19.249755859375	0.639999985694885	0.5
16.513032913208	0.810000061988831	0.664864838123322	26.0983638763428	0.444999992847443	0.100000001490116
15.1945428848267	0.87317019701004	0.735135138034821	18.8508071899414	0.637499988079071	0.400000005960464
11.6541891098022	0.964733362197876	0.859459459781647	15.7638072967529	0.837499976158142	0.800000011920929
14.6212062835693	0.856318473815918	0.69189190864563	11.2654571533203	0.980000078678131	0.800000011920929
12.2413730621338	0.930438280105591	0.789189159870148	27.7646484375	0.245000004768372	0.100000001490116
14.511697769165	0.857056260108948	0.767567574977875	25.4446716308594	0.424999982118607	0.100000001490116
13.3106098175049	0.881797015666962	0.713513493537903	18.6950225830078	0.564999997615814	0.200000002980232
13.5579919815063	0.911402463912964	0.821621596813202	21.726921081543	0.422500014305115	0.100000001490116
13.5421171188354	0.883615732192993	0.767567574977875	20.0218315124512	0.449999958276749	0.200000002980232
13.5442056655884	0.890357911586761	0.735135138034821	12.4724388122559	0.875	0.800000011920929
11.2370548248291	0.960204541683197	0.864864885807037	11.1348791122437	0.960000038146973	0.899999976158142
12.156587600708	0.918656051158905	0.794594585895538	10.4273796081543	0.997500002384186	0.899999976158142
13.9594993591309	0.857764720916748	0.740540564060211	11.7652492523193	0.884999930858612	0.899999976158142
12.6343698501587	0.895032942295074	0.751351356506348	10.3479204177856	0.995000004768372	0.899999976158142
11.1146612167358	0.953476965427399	0.870270252227783	9.75990104675293	1	1
12.0815391540527	0.914265871047974	0.778378367424011	11.9569053649902	0.899999976158142	0.899999976158142
10.7627334594727	0.96233743429184	0.84324324131012	14.5461912155151	0.819999933242798	0.600000023841858
11.5203189849854	0.91382759809494	0.772973001003265	15.9840669631958	0.75	0.600000023841858
12.3798589706421	0.884850263595581	0.778378367424011	13.0391130447388	0.882499992847443	0.899999976158142
11.0400791168213	0.936990559101105	0.84324324131012	17.7705612182617	0.584999978542328	0.300000011920929
13.1551704406738	0.908268749713898	0.778378367424011	14.7729082107544	0.747500002384186	0.600000023841858
10.6474075317383	0.951461017131805	0.805405378341675	11.946099281311	0.867499947547913	0.699999988079071
15.2818746566772	0.821037292480469	0.648648619651794	15.4969921112061	0.664999961853027	0.400000005960464
12.4171953201294	0.907808601856232	0.772973001003265	9.22714710235596	1	1
12.5067806243896	0.902293622493744	0.789189159870148	9.85296821594238	0.995000064373016	0.899999976158142
12.2740297317505	0.889065027236938	0.762162148952484	11.2790851593018	0.917499959468842	0.800000011920929
10.4932765960693	0.949948906898499	0.832432448863983	19.7544631958008	0.425000011920929	0.100000001490116
12.6022663116455	0.879780769348145	0.767567574977875	9.20754432678223	1	1
10.3537902832031	0.960102260112762	0.84864866733551	10.9182929992676	0.879999935626984	0.899999976158142
9.84330654144287	0.974660277366638	0.88648647069931	13.4843521118164	0.775000035762787	0.600000023841858
11.1753921508789	0.919963479042053	0.837837815284729	27.0740261077881	0.319999992847443	0.100000001490116
12.1471939086914	0.909780859947205	0.816216230392456	11.876748085022	0.877499938011169	0.899999976158142
9.95652961730957	0.958122849464417	0.854054033756256	14.2025356292725	0.700000047683716	0.400000005960464
10.4241180419922	0.926617860794067	0.810810804367065	17.5997676849365	0.442499935626984	0.200000002980232
12.9041767120361	0.876092076301575	0.762162148952484	9.76060199737549	0.970000028610229	0.899999976158142
11.2966728210449	0.879846513271332	0.713513493537903	9.31312942504883	0.985000014305115	0.899999976158142
10.2040815353394	0.947874248027802	0.864864885807037	8.5656566619873	1	1
10.9127035140991	0.898188412189484	0.767567574977875	9.25334358215332	0.98499995470047	0.899999976158142
9.77090454101562	0.957005143165588	0.881081104278564	14.6698484420776	0.587499976158142	0.200000002980232
10.5126419067383	0.920036554336548	0.832432448863983	9.64165687561035	0.942499995231628	0.899999976158142
9.663010597229	0.952337324619293	0.84864866733551	8.48917102813721	1	1
13.0355348587036	0.876625180244446	0.735135138034821	15.6510972976685	0.550000011920929	0.100000001490116
11.1684980392456	0.905653715133667	0.772973001003265	17.388204574585	0.512499988079071	0.100000001490116
10.393141746521	0.929386377334595	0.827027022838593	8.83325958251953	0.995000064373016	0.899999976158142
11.4797391891479	0.868553757667542	0.713513493537903	10.372501373291	0.862500011920929	0.800000011920929
9.85225772857666	0.92999267578125	0.84864866733551	12.7490673065186	0.694999992847443	0.600000023841858
10.4565696716309	0.921051919460297	0.832432448863983	10.4985313415527	0.879999935626984	0.899999976158142
9.96549797058105	0.934134364128113	0.805405378341675	12.2131748199463	0.804999947547913	0.5
10.7663602828979	0.912636935710907	0.789189159870148	10.1459445953369	0.940000057220459	0.699999988079071
11.1807012557983	0.882140159606934	0.772973001003265	11.8292121887207	0.807500004768372	0.699999988079071
8.95530605316162	0.970584213733673	0.891891896724701	8.09304428100586	1	1
10.4837741851807	0.90547114610672	0.767567574977875	10.2082490921021	0.872500002384186	0.800000011920929
8.57149696350098	0.987969398498535	0.908108115196228	9.50033664703369	0.925000011920929	0.800000011920929
8.98309898376465	0.961548566818237	0.881081104278564	14.5395050048828	0.737500011920929	0.600000023841858
10.1682415008545	0.902154862880707	0.735135138034821	19.2380828857422	0.412499994039536	0.300000011920929
12.5195817947388	0.847684442996979	0.702702701091766	9.73421382904053	0.877499938011169	0.800000011920929
9.61465930938721	0.925704956054688	0.821621596813202	7.86421298980713	1	1
8.87435340881348	0.963046014308929	0.854054033756256	8.7155933380127	0.965000033378601	0.899999976158142
10.7248268127441	0.922826886177063	0.832432448863983	9.07652282714844	0.940000057220459	0.899999976158142
8.48148250579834	0.978517174720764	0.913513541221619	9.44275283813477	0.884999990463257	0.899999976158142
10.01771068573	0.914083302021027	0.794594585895538	7.65661144256592	1	1
10.3287687301636	0.910102188587189	0.816216230392456	9.00385856628418	0.944999933242798	0.899999976158142
8.25447559356689	0.985215544700623	0.918918907642365	14.8335342407227	0.552499949932098	0.200000002980232
9.79367160797119	0.918349087238312	0.794594585895538	8.22587394714355	0.985000014305115	0.899999976158142
8.29024791717529	0.978115379810333	0.875675678253174	7.47200155258179	1	1
12.1476802825928	0.821935713291168	0.675675690174103	8.89984321594238	0.945000052452087	0.899999976158142
8.48581695556641	0.965237379074097	0.854054033756256	7.41178512573242	1	1
10.064624786377	0.891614258289337	0.767567574977875	7.38483905792236	1	1
8.27395629882812	0.971796929836273	0.870270252227783	7.49315500259399	1	1
8.5452127456665	0.952468931674957	0.821621596813202	7.71849584579468	0.995000004768372	0.899999976158142
8.11767387390137	0.977348446846008	0.870270252227783	9.09804534912109	0.889999985694885	0.800000011920929
8.23694133758545	0.965193569660187	0.875675678253174	16.125846862793	0.435000002384186	0.200000002980232
9.22768592834473	0.93355005979538	0.783783793449402	7.77399158477783	0.987500011920929	0.899999976158142
8.12084865570068	0.968918859958649	0.854054033756256	7.57381439208984	0.995000004768372	0.899999976158142
10.3976898193359	0.859970808029175	0.708108127117157	10.2804899215698	0.762499988079071	0.5
8.22423458099365	0.956807851791382	0.875675678253174	10.1009283065796	0.769999921321869	0.600000023841858
7.93853712081909	0.971446394920349	0.88648647069931	7.36444473266602	1	1
8.80784320831299	0.919883072376251	0.800000011920929	11.7881383895874	0.759999990463257	0.600000023841858
12.2204475402832	0.870095014572144	0.778378367424011	7.70873546600342	0.964999973773956	0.899999976158142
8.17328929901123	0.9531409740448	0.84324324131012	8.71907234191895	0.899999916553497	0.800000011920929
7.7521800994873	0.974616527557373	0.864864885807037	8.42826557159424	0.92249995470047	0.800000011920929
8.37484264373779	0.937056243419647	0.778378367424011	7.09259700775146	0.995000004768372	0.899999976158142
7.65661096572876	0.97685170173645	0.897297322750092	6.87508249282837	1	1
8.70151710510254	0.917217016220093	0.772973001003265	7.53411769866943	0.995000004768372	0.899999976158142
8.58910846710205	0.924784541130066	0.816216230392456	8.30417919158936	0.949999928474426	0.899999976158142
8.51137542724609	0.935178995132446	0.816216230392456	7.3421106338501	0.995000004768372	0.899999976158142
8.2951135635376	0.931592404842377	0.827027022838593	7.01336812973022	0.995000004768372	0.899999976158142
7.52801895141602	0.97685170173645	0.891891896724701	8.18021392822266	0.942499935626984	0.899999976158142
8.12464714050293	0.943783760070801	0.84864866733551	8.50957870483398	0.902499973773956	0.800000011920929
7.31641340255737	0.983119010925293	0.897297322750092	9.41692638397217	0.829999983310699	0.699999988079071
8.9769811630249	0.933038711547852	0.84324324131012	6.76159000396729	0.995000004768372	0.899999976158142
7.20441818237305	0.985850930213928	0.913513541221619	9.89368724822998	0.822500050067902	0.699999988079071
11.3959064483643	0.817991256713867	0.681081056594849	7.24416065216064	0.995000004768372	0.899999976158142
7.75167322158813	0.953243255615234	0.84324324131012	9.05194282531738	0.867500007152557	0.800000011920929
7.53944730758667	0.9617018699646	0.881081104278564	11.6223239898682	0.722500026226044	0.5
8.20331287384033	0.938692450523376	0.84324324131012	12.7670927047729	0.664999961853027	0.300000011920929
7.80985546112061	0.94254195690155	0.827027022838593	7.86568212509155	0.942499995231628	0.899999976158142
7.57762956619263	0.956194281578064	0.810810804367065	6.60148763656616	0.995000004768372	0.899999976158142
7.01722240447998	0.984813749790192	0.902702689170837	10.5510568618774	0.772499978542328	0.600000023841858
7.63276720046997	0.945880234241486	0.821621596813202	6.64408588409424	0.995000004768372	0.899999976158142
8.30526065826416	0.929583668708801	0.810810804367065	6.25457572937012	1	1
8.32114791870117	0.90813010931015	0.816216230392456	6.67933797836304	0.995000004768372	0.899999976158142
7.71296501159668	0.945748686790466	0.84324324131012	6.18784809112549	1	1
8.74147415161133	0.882337510585785	0.756756782531738	6.44960927963257	1	1
6.97216844558716	0.975441932678223	0.913513541221619	7.24444198608398	0.944999992847443	0.899999976158142
7.82415676116943	0.939568996429443	0.864864885807037	7.72935390472412	0.934999942779541	0.800000011920929
6.89219427108765	0.976296544075012	0.891891896724701	7.84501791000366	0.917499959468842	0.800000011920929
7.27012777328491	0.953528225421906	0.827027022838593	6.06575918197632	1	1
8.40687274932861	0.901840806007385	0.756756782531738	5.99712753295898	1	1
8.09271049499512	0.929422855377197	0.827027022838593	7.6145601272583	0.897499978542328	0.800000011920929
7.00415897369385	0.959883093833923	0.881081104278564	10.6216621398926	0.607499957084656	0.400000005960464
7.7591986656189	0.938670456409454	0.875675678253174	6.59062814712524	0.980000019073486	0.899999976158142
6.49904012680054	0.989320695400238	0.918918907642365	12.5072250366211	0.589999973773956	0.300000011920929
9.14686679840088	0.869919657707214	0.762162148952484	6.01030158996582	1	1
6.47007083892822	0.986822485923767	0.929729700088501	6.22533273696899	0.995000004768372	0.899999976158142
6.77356243133545	0.964601933956146	0.891891896724701	10.5374565124512	0.632499992847443	0.400000005960464
7.46859169006348	0.934864819049835	0.84864866733551	5.80098152160645	1	1
6.66218709945679	0.967348515987396	0.875675678253174	6.35820388793945	0.985000014305115	0.899999976158142
6.40067911148071	0.983498871326447	0.897297322750092	6.0103325843811	0.995000004768372	0.899999976158142
6.59928798675537	0.968816697597504	0.918918907642365	8.37822723388672	0.925000071525574	0.699999988079071
7.40187120437622	0.919181942939758	0.794594585895538	5.69409704208374	1	1
8.27554035186768	0.88232284784317	0.745945930480957	6.05518484115601	0.995000004768372	0.899999976158142
7.28792905807495	0.923119068145752	0.794594585895538	9.27386569976807	0.744999945163727	0.600000023841858
7.77063846588135	0.923257768154144	0.821621596813202	6.29381513595581	0.985000014305115	0.899999976158142
6.14980983734131	0.988597512245178	0.918918907642365	5.51506090164185	1	1
6.71560478210449	0.953440487384796	0.875675678253174	6.02687454223633	0.990000009536743	0.899999976158142
6.10896778106689	0.987582206726074	0.935135126113892	6.97675800323486	0.939999938011169	0.699999988079071
7.48279714584351	0.903082489967346	0.735135138034821	6.64122152328491	0.955000042915344	0.899999976158142
6.38449192047119	0.970021903514862	0.891891896724701	5.4213695526123	1	1
6.23916721343994	0.974989056587219	0.859459459781647	5.40923404693604	1	1
6.6941967010498	0.943966388702393	0.854054033756256	5.80661964416504	0.995000004768372	0.899999976158142
6.00017499923706	0.986362218856812	0.908108115196228	5.6177806854248	0.995000004768372	0.899999976158142
6.93123531341553	0.928933560848236	0.821621596813202	5.8873085975647	0.985000014305115	0.899999976158142
9.12700653076172	0.896603286266327	0.789189159870148	5.25569486618042	1	1
6.01761960983276	0.979021191596985	0.897297322750092	5.30590724945068	0.999999940395355	1
5.96870183944702	0.980708539485931	0.897297322750092	6.04833364486694	0.970000028610229	0.899999976158142
7.17704105377197	0.915624558925629	0.837837815284729	5.36033153533936	1	1
6.56217384338379	0.938750922679901	0.864864885807037	6.25024032592773	0.954999983310699	0.899999976158142
5.9806866645813	0.976990461349487	0.875675678253174	6.4751558303833	0.954999983310699	0.899999976158142
7.54943704605103	0.912804901599884	0.756756782531738	6.18742275238037	0.959999978542328	0.899999976158142
5.75214767456055	0.986501097679138	0.902702689170837	5.24158334732056	1	1
6.10104465484619	0.961570560932159	0.854054033756256	5.17820644378662	1	1
5.75027322769165	0.982534766197205	0.891891896724701	10.6135282516479	0.652500033378601	0.5
7.02580642700195	0.910153448581696	0.718918919563293	5.02815580368042	1	1
6.79079151153564	0.940409123897552	0.84864866733551	5.036865234375	1	1
5.90740013122559	0.970825374126434	0.875675678253174	5.01454496383667	1	1
6.03663969039917	0.968312680721283	0.881081104278564	5.02033758163452	1	1
6.06088209152222	0.955712199211121	0.859459459781647	5.47062397003174	0.985000014305115	0.899999976158142
6.60671663284302	0.936661839485168	0.837837815284729	4.89111137390137	1	1
6.36112356185913	0.942936420440674	0.875675678253174	6.08374261856079	0.949999988079071	0.699999988079071
6.3368706703186	0.935821712017059	0.800000011920929	5.95940732955933	0.954999983310699	0.899999976158142
5.44797372817993	0.991124868392944	0.918918907642365	4.82786512374878	1	1
5.80589580535889	0.96341860294342	0.864864885807037	5.06689834594727	0.995000004768372	0.899999976158142
5.30957794189453	0.992790400981903	0.929729700088501	6.31571006774902	0.929999947547913	0.800000011920929
6.94866180419922	0.904886782169342	0.756756782531738	4.99585056304932	0.995000004768372	0.899999976158142
5.6310076713562	0.970241129398346	0.902702689170837	9.74530029296875	0.672500014305115	0.400000005960464
5.52982616424561	0.97475528717041	0.881081104278564	5.86508369445801	0.949999988079071	0.800000011920929
6.14653587341309	0.934477686882019	0.84324324131012	5.11128282546997	0.995000064373016	0.899999976158142
6.04647064208984	0.941928446292877	0.837837815284729	10.8567914962769	0.577499985694885	0.300000011920929
6.93530130386353	0.896997809410095	0.756756782531738	4.89438152313232	0.995000004768372	0.899999976158142
5.35332250595093	0.982790350914001	0.881081104278564	4.7739896774292	1	1
5.15379667282104	0.991344034671783	0.924324333667755	5.6083607673645	0.954999983310699	0.899999976158142
6.79975318908691	0.895814478397369	0.740540564060211	4.58309173583984	1	1
5.48100423812866	0.973564743995667	0.859459459781647	4.55156517028809	1	1
6.12079238891602	0.932023406028748	0.816216230392456	4.53893852233887	1	1
5.21255397796631	0.984813749790192	0.913513541221619	4.70044374465942	1	1
5.24339294433594	0.982863426208496	0.897297322750092	4.65022277832031	1	1
5.2597541809082	0.978867828845978	0.902702689170837	4.60875034332275	1	1
5.25639533996582	0.976895570755005	0.908108115196228	5.94981956481934	0.915000021457672	0.800000011920929
5.2070426940918	0.976698338985443	0.908108115196228	4.60098648071289	1	1
5.88976907730103	0.949846625328064	0.821621596813202	4.37996530532837	1	1
5.36838006973267	0.966260075569153	0.854054033756256	6.73948907852173	0.845000028610229	0.600000023841858
5.74833869934082	0.940109550952911	0.816216230392456	6.07677221298218	0.904999971389771	0.699999988079071
6.00859451293945	0.922739207744598	0.778378367424011	4.30757236480713	1	1
5.91224813461304	0.94249814748764	0.837837815284729	4.31345987319946	1	1
4.86553049087524	0.990620970726013	0.918918907642365	4.39273548126221	1	1
5.58880758285522	0.946077406406403	0.875675678253174	5.97176885604858	0.929999947547913	0.800000011920929
4.87538528442383	0.988057017326355	0.913513541221619	5.89106941223145	0.9375	0.699999988079071
6.62024116516113	0.905230104923248	0.789189159870148	5.26540660858154	0.970000028610229	0.800000011920929
5.07667827606201	0.971943020820618	0.854054033756256	10.809344291687	0.539999961853027	0.300000011920929
6.04127740859985	0.929795503616333	0.794594585895538	5.01593494415283	0.972499966621399	0.899999976158142
5.46418476104736	0.949079573154449	0.881081104278564	4.96163368225098	0.972500026226044	0.899999976158142
4.94544172286987	0.979758977890015	0.897297322750092	4.15492534637451	1	1
5.00977277755737	0.97478449344635	0.881081104278564	4.21256160736084	1	1
5.23681688308716	0.961555898189545	0.837837815284729	4.33123970031738	1	1
4.86996364593506	0.978853106498718	0.897297322750092	4.06626081466675	1	1
6.03421545028687	0.920591652393341	0.800000011920929	4.11070966720581	1	1
4.94617557525635	0.974937915802002	0.881081104278564	4.08052158355713	1	1
4.68598318099976	0.985441863536835	0.897297322750092	4.19183921813965	1	1
4.85452842712402	0.975127816200256	0.859459459781647	4.06069326400757	1	1
5.46877431869507	0.935354351997375	0.816216230392456	4.02109575271606	1	1
5.78555727005005	0.917246222496033	0.816216230392456	4.06234502792358	1	1
4.67277097702026	0.981227159500122	0.918918907642365	3.96478891372681	1	1
4.53428983688354	0.988714456558228	0.924324333667755	3.94460678100586	1	1
6.06603097915649	0.918159186840057	0.772973001003265	4.19066143035889	1	1
4.66970634460449	0.980175316333771	0.870270252227783	3.92593693733215	1	1
4.60347843170166	0.981789648532867	0.929729700088501	3.9255530834198	1	1
4.99836540222168	0.963104486465454	0.854054033756256	4.03006935119629	0.999999940395355	1
4.69216060638428	0.974032163619995	0.897297322750092	5.98660802841187	0.905000030994415	0.699999988079071
5.02863264083862	0.95228636264801	0.816216230392456	3.8309121131897	1	1
4.49999475479126	0.986062824726105	0.897297322750092	3.83334803581238	1	1
4.52366876602173	0.980533301830292	0.929729700088501	5.46433210372925	0.937499940395355	0.899999976158142
4.56484985351562	0.978655934333801	0.88648647069931	4.384681224823	0.985000014305115	0.899999976158142
5.96085357666016	0.90338933467865	0.767567574977875	3.76961827278137	1	1
4.52539539337158	0.977056264877319	0.891891896724701	4.45121145248413	0.975000023841858	0.899999976158142
4.45320463180542	0.981205344200134	0.897297322750092	4.49112462997437	0.975000023841858	0.899999976158142
4.46882772445679	0.976084649562836	0.908108115196228	4.93423700332642	0.945000052452087	0.899999976158142
4.96188926696777	0.954996287822723	0.832432448863983	3.65928196907043	1	1
5.91878223419189	0.902271747589111	0.756756782531738	5.48067474365234	0.89000004529953	0.699999988079071
5.58294725418091	0.928758263587952	0.84864866733551	3.74445104598999	1.00000011920929	1
4.23435926437378	0.988984644412994	0.924324333667755	3.65388154983521	1	1
4.61755847930908	0.963498830795288	0.881081104278564	3.89917683601379	0.995000004768372	0.899999976158142
4.7129020690918	0.960971534252167	0.837837815284729	3.59577894210815	1	1
4.61313629150391	0.962819576263428	0.859459459781647	4.84706974029541	0.944999933242798	0.899999976158142
4.29783582687378	0.979963481426239	0.929729700088501	3.53784942626953	1	1
6.00640249252319	0.893235921859741	0.713513493537903	3.61640548706055	0.999999940395355	1
4.19200658798218	0.985390782356262	0.897297322750092	3.91274404525757	0.995000004768372	0.899999976158142
4.15388202667236	0.984996318817139	0.929729700088501	3.49529194831848	1	1
4.72117042541504	0.955405414104462	0.832432448863983	4.25309228897095	0.975000023841858	0.899999976158142
4.16295719146729	0.983279764652252	0.924324333667755	4.40132856369019	0.955000042915344	0.899999976158142
4.4879035949707	0.965485811233521	0.84864866733551	3.70703744888306	1	1
5.20015144348145	0.931176066398621	0.816216230392456	3.42639684677124	1	1
4.72704935073853	0.944477736949921	0.832432448863983	4.6076192855835	0.949999988079071	0.899999976158142
4.33492279052734	0.969919621944427	0.881081104278564	3.84958219528198	0.995000004768372	0.899999976158142
4.09247303009033	0.981972277164459	0.908108115196228	3.50488591194153	1	1
4.76692771911621	0.942878007888794	0.84864866733551	4.02524614334106	0.974999964237213	0.899999976158142
3.98971796035767	0.988341867923737	0.902702689170837	3.71545720100403	0.995000004768372	0.899999976158142
4.20186567306519	0.972877979278564	0.854054033756256	3.31161451339722	1	1
4.06069803237915	0.979408264160156	0.88648647069931	4.02120113372803	0.967499971389771	0.899999976158142
4.19724464416504	0.970014631748199	0.859459459781647	5.02672433853149	0.887499928474426	0.800000011920929
5.08588218688965	0.934572696685791	0.84864866733551	3.29533076286316	1	1
4.42676687240601	0.952593147754669	0.821621596813202	3.3985915184021	1	1
4.17133712768555	0.973097145557404	0.854054033756256	3.25640416145325	1	1
3.83348727226257	0.989167332649231	0.918918907642365	3.20430445671082	1	1
4.65286684036255	0.931957602500916	0.84324324131012	5.42194223403931	0.855000019073486	0.800000011920929
4.16921043395996	0.966026306152344	0.875675678253174	3.15554451942444	1	1
4.0105767250061	0.973615765571594	0.870270252227783	3.54435157775879	0.995000004768372	0.899999976158142
4.29606008529663	0.958889722824097	0.88648647069931	5.23428058624268	0.882499992847443	0.800000011920929
4.29841327667236	0.954536139965057	0.854054033756256	3.10513210296631	1	1
4.04665803909302	0.968889713287354	0.859459459781647	3.08863544464111	1	1
4.30743217468262	0.951753199100494	0.827027022838593	7.32813358306885	0.662500023841858	0.5
4.52912092208862	0.941278278827667	0.816216230392456	3.36205244064331	0.994999945163727	0.899999976158142
3.90373706817627	0.973666965961456	0.897297322750092	4.45934581756592	0.925000011920929	0.800000011920929
3.82325577735901	0.978327214717865	0.891891896724701	3.04122567176819	1	1
5.07195520401001	0.903491616249084	0.762162148952484	3.25333642959595	0.995000004768372	0.899999976158142
3.9268217086792	0.974083244800568	0.870270252227783	3.39789915084839	0.995000004768372	0.899999976158142
3.9891402721405	0.969254970550537	0.875675678253174	3.00074028968811	1	1
4.20186901092529	0.951964914798737	0.864864885807037	3.20147633552551	0.995000004768372	0.899999976158142
3.55157613754272	0.99292916059494	0.929729700088501	2.96238374710083	1	1
4.07783794403076	0.956172406673431	0.864864885807037	3.58008909225464	0.975000023841858	0.899999976158142
4.91179990768433	0.914886832237244	0.789189159870148	3.31695413589478	0.995000004768372	0.899999976158142
3.86807322502136	0.97197949886322	0.864864885807037	3.06345796585083	1	1
3.57082557678223	0.989284217357635	0.902702689170837	2.91073536872864	1	1
4.24189710617065	0.94195032119751	0.827027022838593	3.07021284103394	1	1
3.73075556755066	0.974828362464905	0.918918907642365	2.87953686714172	1	1
3.70549249649048	0.974302411079407	0.88648647069931	3.49070048332214	0.990000009536743	0.899999976158142
3.93390488624573	0.961278259754181	0.827027022838593	6.04216146469116	0.832499980926514	0.699999988079071
4.3077130317688	0.936062812805176	0.800000011920929	2.85210084915161	1	1
3.58545184135437	0.981512069702148	0.913513541221619	2.94016575813293	1	1
3.54259967803955	0.983922600746155	0.891891896724701	2.83202576637268	1	1
3.60522198677063	0.978590190410614	0.897297322750092	3.09550046920776	0.995000004768372	0.899999976158142
3.78593778610229	0.968334555625916	0.84864866733551	2.80914688110352	1	1
3.54159188270569	0.979671239852905	0.924324333667755	2.80474758148193	1	1
3.66040802001953	0.972841501235962	0.875675678253174	2.79846167564392	1	1
4.17320728302002	0.945931315422058	0.875675678253174	3.55219721794128	0.980000019073486	0.899999976158142
4.03322601318359	0.950686573982239	0.84324324131012	2.86346530914307	1	1
3.42384028434753	0.985390841960907	0.897297322750092	2.74791979789734	1	1
3.37226986885071	0.986026287078857	0.924324333667755	2.91443276405334	1	1
3.39617991447449	0.984375476837158	0.902702689170837	4.14702463150024	0.939999997615814	0.899999976158142
3.84919404983521	0.954368114471436	0.84864866733551	2.67619276046753	1	1
3.77484846115112	0.95870715379715	0.84324324131012	2.67964696884155	1	1
3.45194101333618	0.980460226535797	0.881081104278564	2.66218423843384	1	1
3.2237696647644	0.992038011550903	0.940540552139282	3.16613507270813	0.995000004768372	0.899999976158142
4.98324728012085	0.905251979827881	0.767567574977875	2.8815016746521	1	1
3.68667221069336	0.960379838943481	0.881081104278564	2.67547941207886	1	1
3.1519877910614	0.99288535118103	0.918918907642365	2.59383153915405	1	1
3.3115541934967	0.985025584697723	0.897297322750092	3.2776951789856	0.96750009059906	0.899999976158142
3.35679364204407	0.978655934333801	0.897297322750092	2.99387407302856	1	1
3.87776279449463	0.948670566082001	0.832432448863983	2.56338953971863	1	1
3.6725001335144	0.955259203910828	0.870270252227783	2.5449550151825	1	1
4.10438346862793	0.933528065681458	0.800000011920929	3.40226411819458	0.965000033378601	0.899999976158142
3.76438474655151	0.966143190860748	0.864864885807037	2.63071775436401	1	1
3.10879492759705	0.992373943328857	0.940540552139282	2.55886673927307	1	1
4.11988162994385	0.928612112998962	0.821621596813202	2.6967978477478	1	1
3.10625600814819	0.992184042930603	0.924324333667755	2.48789000511169	1	1
3.70148658752441	0.949028432369232	0.875675678253174	2.80365943908691	1	1
3.09107804298401	0.989123463630676	0.935135126113892	2.47548389434814	1	1
3.29372620582581	0.974704205989838	0.913513541221619	2.58809733390808	1	1
2.99733924865723	0.9937983751297	0.913513541221619	3.83067393302917	0.942499995231628	0.899999976158142
3.35976719856262	0.966983258724213	0.891891896724701	2.48073077201843	1	1
3.59400939941406	0.954061448574066	0.832432448863983	2.60513305664062	1	1
3.80365443229675	0.941774904727936	0.837837815284729	2.92899370193481	0.985000014305115	0.899999976158142
3.52309703826904	0.957859754562378	0.821621596813202	2.89957928657532	0.995000004768372	0.899999976158142
3.00468921661377	0.990489363670349	0.935135126113892	2.97844696044922	0.995000004768372	0.899999976158142
3.52345490455627	0.955083966255188	0.902702689170837	2.44564604759216	1	1
3.06821322441101	0.982929170131683	0.913513541221619	2.79388427734375	0.995000004768372	0.899999976158142
3.22512435913086	0.974704086780548	0.88648647069931	2.3389036655426	1	1
3.71421074867249	0.943645060062408	0.805405378341675	2.375807762146	1	1
4.35180330276489	0.919919610023499	0.84324324131012	2.35468316078186	1	1
2.97104239463806	0.989766240119934	0.918918907642365	2.31989622116089	1	1
4.04900646209717	0.921811521053314	0.821621596813202	2.33951711654663	1	1
2.86300301551819	0.993126392364502	0.940540552139282	2.37566375732422	1	1
2.84951233863831	0.99307519197464	0.924324333667755	2.33706641197205	1	1
4.04751634597778	0.913652241230011	0.756756782531738	2.38097286224365	1	1
2.97378182411194	0.98460191488266	0.908108115196228	2.31742095947266	1	1
3.00740838050842	0.979729771614075	0.908108115196228	2.29866480827332	1	1
2.84336566925049	0.990540564060211	0.924324333667755	2.32935309410095	1	1
3.03951668739319	0.978173851966858	0.897297322750092	2.22986841201782	1	1
2.88513684272766	0.9860919713974	0.891891896724701	3.2667407989502	0.949999928474426	0.899999976158142
3.05380630493164	0.975865662097931	0.88648647069931	2.23537945747375	1	1
3.37272691726685	0.956084728240967	0.832432448863983	3.32443928718567	0.954999923706055	0.699999988079071
4.5102744102478	0.897457957267761	0.772973001003265	2.58665585517883	0.995000004768372	0.899999976158142
2.805983543396	0.989422917366028	0.913513541221619	2.28491115570068	1	1
2.95731329917908	0.980533242225647	0.897297322750092	2.31576037406921	1	1
3.30571556091309	0.954989075660706	0.859459459781647	3.19263863563538	0.95250004529953	0.899999976158142
3.16217494010925	0.964777231216431	0.84864866733551	2.69655108451843	0.990000009536743	0.899999976158142
2.96038556098938	0.976961255073547	0.84864866733551	3.72742795944214	0.924999952316284	0.899999976158142
2.85844230651855	0.981672763824463	0.891891896724701	2.8100426197052	0.995000004768372	0.899999976158142
2.85422134399414	0.982249796390533	0.918918907642365	4.69485139846802	0.849999964237213	0.699999988079071
3.30820512771606	0.952008783817291	0.832432448863983	2.27893376350403	1	1
3.41801166534424	0.945865571498871	0.864864885807037	3.15629434585571	0.955000042915344	0.899999976158142
2.93659067153931	0.975390732288361	0.918918907642365	3.0858461856842	0.955000042915344	0.899999976158142
2.92914915084839	0.976983189582825	0.891891896724701	2.12455701828003	1	1
2.82375431060791	0.980131447315216	0.918918907642365	2.24161624908447	1	1
2.80365777015686	0.98464572429657	0.908108115196228	2.07453346252441	1	1
3.81797695159912	0.925040185451508	0.827027022838593	3.16327619552612	0.955000042915344	0.899999976158142
2.75309562683105	0.982644200325012	0.918918907642365	2.20442676544189	1	1
2.75149178504944	0.984309732913971	0.88648647069931	3.22732210159302	0.949999928474426	0.899999976158142
3.31474018096924	0.946771323680878	0.870270252227783	2.08231830596924	1	1
2.56135511398315	0.993411242961884	0.918918907642365	2.24420714378357	0.995000004768372	0.899999976158142
3.4151930809021	0.938904285430908	0.800000011920929	2.26820731163025	0.995000004768372	0.899999976158142
2.62891840934753	0.987479984760284	0.929729700088501	2.38201284408569	0.995000004768372	0.899999976158142
2.6854133605957	0.984302461147308	0.908108115196228	1.99707221984863	1	1
2.77792000770569	0.9819575548172	0.881081104278564	2.255854845047	0.995000004768372	0.899999976158142
3.3506281375885	0.959780871868134	0.859459459781647	2.51201820373535	0.994999945163727	0.899999976158142
2.66640710830688	0.985303163528442	0.88648647069931	2.52318620681763	0.994999945163727	0.899999976158142
2.57197403907776	0.987326502799988	0.940540552139282	2.20881366729736	0.995000064373016	0.899999976158142
3.05206108093262	0.953623116016388	0.902702689170837	2.03615260124207	1	1
2.50486588478088	0.991263628005981	0.918918907642365	3.15462112426758	0.949999928474426	0.899999976158142
3.16636872291565	0.950401782989502	0.84324324131012	1.9154304265976	1	1
4.09435653686523	0.904733419418335	0.762162148952484	2.29879570007324	0.995000064373016	0.899999976158142
2.61893796920776	0.985295832157135	0.88648647069931	2.55427193641663	0.995000004768372	0.899999976158142
2.60515356063843	0.984996318817139	0.918918907642365	2.04895210266113	1	1
2.44852161407471	0.992907166481018	0.924324333667755	3.04048037528992	0.949999988079071	0.899999976158142
3.16783094406128	0.949905037879944	0.832432448863983	2.12206745147705	0.995000004768372	0.899999976158142
2.97766089439392	0.964558064937592	0.837837815284729	1.8849995136261	1	1
2.93649315834045	0.959590971469879	0.875675678253174	1.90529441833496	1	1
2.51469492912292	0.988151967525482	0.913513541221619	1.8698593378067	1	1
2.70712471008301	0.974674940109253	0.88648647069931	1.86039698123932	1	1
2.60597825050354	0.984229445457458	0.88648647069931	1.86926209926605	1	1
2.69729661941528	0.976165175437927	0.902702689170837	1.85392022132874	1	1
2.72431683540344	0.975383520126343	0.864864885807037	1.85979115962982	1	1
2.44253516197205	0.991599678993225	0.924324333667755	1.84437203407288	1	1
2.7201943397522	0.974499583244324	0.891891896724701	2.33892154693604	0.985000014305115	0.899999976158142
2.70650768280029	0.971818923950195	0.897297322750092	2.18524146080017	0.995000004768372	0.899999976158142
2.55843544006348	0.979393661022186	0.918918907642365	1.83246493339539	1	1
2.59988331794739	0.976705610752106	0.864864885807037	1.84325528144836	1	1
2.71538472175598	0.970898509025574	0.864864885807037	1.86772751808167	1	1
2.38574743270874	0.989211082458496	0.929729700088501	1.77394080162048	1	1
3.2011923789978	0.945682883262634	0.88648647069931	1.76288294792175	1	1
2.51030778884888	0.981044590473175	0.902702689170837	1.81131196022034	1	1
2.82023453712463	0.964828372001648	0.881081104278564	2.88265514373779	0.949999988079071	0.899999976158142
2.84530687332153	0.959561705589294	0.88648647069931	1.87422060966492	1	1
2.38857793807983	0.985880255699158	0.929729700088501	2.27821612358093	0.995000004768372	0.899999976158142
2.31324291229248	0.989583611488342	0.918918907642365	2.1287088394165	0.995000064373016	0.899999976158142
2.32427930831909	0.989349842071533	0.918918907642365	1.71060621738434	1	1
3.85795545578003	0.893170177936554	0.740540564060211	2.17759227752686	0.995000004768372	0.899999976158142
2.76270627975464	0.962863326072693	0.859459459781647	1.70460188388824	1	1
2.82297372817993	0.959663927555084	0.837837815284729	1.92773854732513	1	1
2.79411649703979	0.959291458129883	0.859459459781647	1.74713349342346	1	1
2.35331201553345	0.986413419246674	0.891891896724701	1.69954836368561	1	1
2.37428545951843	0.983484327793121	0.924324333667755	1.92270088195801	1	1
2.30697536468506	0.987655282020569	0.929729700088501	1.69587862491608	1	1
2.21759819984436	0.992461621761322	0.924324333667755	1.73113799095154	1	1
2.72209882736206	0.959642052650452	0.875675678253174	1.66900849342346	1	1
3.57596135139465	0.903798341751099	0.72972971200943	2.71729588508606	0.954999923706055	0.899999976158142
2.36465215682983	0.984353542327881	0.908108115196228	1.77155613899231	1	1
2.30294370651245	0.987406849861145	0.924324333667755	1.75249361991882	1	1
2.24078345298767	0.990664720535278	0.913513541221619	2.94686031341553	0.950000047683716	0.899999976158142
2.56340837478638	0.968531727790833	0.881081104278564	1.97769737243652	0.994999945163727	0.899999976158142
2.51091194152832	0.96979546546936	0.88648647069931	5.65318298339844	0.792500019073486	0.699999988079071
2.90785956382751	0.946815252304077	0.832432448863983	1.64603841304779	1	1
3.12182378768921	0.933338165283203	0.816216230392456	1.93877375125885	0.995000064373016	0.899999976158142
2.22861552238464	0.989181876182556	0.924324333667755	1.72919428348541	1	1
2.34209632873535	0.981424391269684	0.902702689170837	1.8349974155426	1	1
2.31699752807617	0.985500395298004	0.897297322750092	1.64618420600891	1	1
2.14616274833679	0.994433879852295	0.940540552139282	1.72911834716797	1	1
2.26612591743469	0.985193610191345	0.913513541221619	1.66767406463623	1	1
2.22272133827209	0.985982477664948	0.913513541221619	1.57408666610718	1	1
2.7603542804718	0.9553542137146	0.837837815284729	1.60055828094482	1	1
2.69292879104614	0.966121256351471	0.864864885807037	1.60996890068054	1	1
2.12746524810791	0.993279814720154	0.918918907642365	1.58307886123657	1	1
2.16056513786316	0.99159973859787	0.924324333667755	1.56385362148285	1	1
2.67172908782959	0.968115448951721	0.854054033756256	2.26490688323975	0.965000033378601	0.899999976158142
2.53435444831848	0.96564644575119	0.881081104278564	1.55601453781128	1	1
2.53861689567566	0.965945959091187	0.854054033756256	1.5659646987915	1	1
2.49641847610474	0.970452964305878	0.897297322750092	1.58413004875183	1	1
2.1742525100708	0.986778676509857	0.908108115196228	1.5290470123291	1	1
2.21404838562012	0.985003590583801	0.881081104278564	1.52271223068237	1	1
2.16676235198975	0.989233016967773	0.918918907642365	1.57184195518494	1	1
2.30794835090637	0.978743672370911	0.875675678253174	5.71892166137695	0.6875	0.5
3.00597810745239	0.935091316699982	0.84324324131012	1.81247782707214	0.995000004768372	0.899999976158142
2.244704246521	0.983075201511383	0.891891896724701	1.68968558311462	1	1
2.34903192520142	0.976457238197327	0.891891896724701	1.66557049751282	1	1
2.14594316482544	0.985653758049011	0.913513541221619	1.5828914642334	1	1
2.94915914535522	0.939590930938721	0.767567574977875	1.526850938797	1	1
2.20533490180969	0.981555879116058	0.913513541221619	1.48493790626526	1	1
2.00097060203552	0.993667006492615	0.924324333667755	1.85031545162201	0.995000004768372	0.899999976158142
2.56941866874695	0.960934996604919	0.837837815284729	1.46700477600098	1	1
3.02844095230103	0.931329488754272	0.827027022838593	1.66024398803711	1	1
2.24427056312561	0.980175316333771	0.864864885807037	1.4775083065033	1	1
1.97693300247192	0.993988335132599	0.945945918560028	1.45571517944336	1	1
2.05105948448181	0.98953253030777	0.918918907642365	1.6529449224472	1	1
2.07501554489136	0.986888289451599	0.924324333667755	1.46888291835785	1	1
2.13490152359009	0.984039425849915	0.918918907642365	1.47287034988403	1	1
2.890629529953	0.949415504932404	0.837837815284729	2.77953910827637	0.954999983310699	0.899999976158142
2.29109501838684	0.973184823989868	0.881081104278564	1.80049288272858	1	1
2.18521904945374	0.981205344200134	0.913513541221619	1.58913135528564	1	1
2.05343317985535	0.986011683940887	0.918918907642365	1.47263407707214	1	1
2.14667630195618	0.980160653591156	0.902702689170837	1.4279887676239	1	1
2.14080595970154	0.982512712478638	0.913513541221619	1.44058406352997	1	1
2.29253029823303	0.9711834192276	0.881081104278564	1.80129885673523	0.995000004768372	0.899999976158142
2.18119978904724	0.976975858211517	0.891891896724701	1.39560604095459	1	1
2.27450060844421	0.976362347602844	0.870270252227783	1.38945245742798	1	1
2.87581038475037	0.943024039268494	0.827027022838593	2.08222961425781	0.975000023841858	0.899999976158142
2.04439520835876	0.985405445098877	0.918918907642365	1.54348230361938	1	1
2.00202798843384	0.989116191864014	0.924324333667755	1.42373919487	1	1
2.00147557258606	0.988575577735901	0.924324333667755	1.37739741802216	1	1
2.20561385154724	0.976420700550079	0.891891896724701	1.41190409660339	1	1
2.06661415100098	0.986296534538269	0.891891896724701	1.37134170532227	1	1
2.22797822952271	0.975427329540253	0.881081104278564	1.36645460128784	1	1
2.09702253341675	0.98458731174469	0.891891896724701	2.53739881515503	0.949999988079071	0.899999976158142
2.69947576522827	0.946654498577118	0.827027022838593	1.36099219322205	1	1
2.06799960136414	0.984448432922363	0.913513541221619	1.35439896583557	1	1
2.12920665740967	0.978232324123383	0.908108115196228	1.34720873832703	1	1
2.71502733230591	0.946413457393646	0.827027022838593	1.3972327709198	1	1
3.03490424156189	0.929722428321838	0.832432448863983	1.38461184501648	1	1
1.88167595863342	0.993528246879578	0.935135126113892	1.34748005867004	1	1
1.88546407222748	0.995178997516632	0.940540552139282	1.39999675750732	1	1
2.15943074226379	0.972790360450745	0.908108115196228	1.66501462459564	0.995000004768372	0.899999976158142
2.01163983345032	0.98249077796936	0.929729700088501	1.42583656311035	1	1
2.23568916320801	0.972476243972778	0.88648647069931	1.33157277107239	1	1
2.40388178825378	0.959517896175385	0.859459459781647	1.33695888519287	1	1
1.89004647731781	0.992622375488281	0.935135126113892	1.3185418844223	1	1
1.93574857711792	0.987151205539703	0.935135126113892	1.35065460205078	1	1
1.92340815067291	0.987392246723175	0.940540552139282	1.34207606315613	1	1
2.14892792701721	0.974653005599976	0.897297322750092	1.34252977371216	1	1
2.04874920845032	0.982132911682129	0.88648647069931	1.38465857505798	1	1
1.90054666996002	0.988064289093018	0.908108115196228	1.34765911102295	1	1
1.80746507644653	0.994024813175201	0.935135126113892	1.38294076919556	1	1
2.22219777107239	0.968787431716919	0.84864866733551	1.29131782054901	1	1
2.65664100646973	0.941782355308533	0.870270252227783	1.95403516292572	0.98499995470047	0.899999976158142
1.9561665058136	0.984127163887024	0.908108115196228	1.47371196746826	0.999999940395355	1
1.86497139930725	0.988933503627777	0.929729700088501	1.40149450302124	1	1
2.17872381210327	0.97352808713913	0.870270252227783	1.8924503326416	0.995000004768372	0.899999976158142
2.32417559623718	0.963747262954712	0.859459459781647	1.28018379211426	1	1
2.46741771697998	0.956939399242401	0.859459459781647	1.37043261528015	1	1
1.79979050159454	0.99307519197464	0.929729700088501	1.26768159866333	1	1
2.47641563415527	0.955113172531128	0.864864885807037	1.27128541469574	1	1
1.77211713790894	0.992629647254944	0.951351344585419	1.29961848258972	1	1
1.75949347019196	0.994441151618958	0.940540552139282	1.69685912132263	0.995000064373016	0.899999976158142
3.47452878952026	0.897297263145447	0.751351356506348	1.26554250717163	1	1
1.86704528331757	0.989123404026031	0.897297322750092	1.69466376304626	0.995000064373016	0.899999976158142
2.01774859428406	0.979159951210022	0.908108115196228	1.24949193000793	1	1
1.88404834270477	0.985105872154236	0.918918907642365	1.29188776016235	1	1
2.03867316246033	0.980292201042175	0.88648647069931	1.23663020133972	1	1
2.44000816345215	0.952483594417572	0.88648647069931	1.24918580055237	1	1
1.79873919487	0.992052555084229	0.935135126113892	1.73143458366394	0.994999945163727	0.899999976158142
2.13074922561646	0.967355608940125	0.918918907642365	1.2474319934845	1	1
1.79712343215942	0.992037892341614	0.929729700088501	1.23747611045837	1	1
1.80618512630463	0.991110324859619	0.913513541221619	2.50665664672852	0.945000052452087	0.899999976158142
1.99377608299255	0.977297306060791	0.881081104278564	1.21165037155151	1	1
2.22498726844788	0.964010179042816	0.859459459781647	1.24528193473816	1	1
2.12884497642517	0.976113975048065	0.897297322750092	3.27788686752319	0.875	0.800000011920929
1.89886295795441	0.98243248462677	0.908108115196228	1.20592999458313	1	1
2.4613094329834	0.953214049339294	0.827027022838593	1.86131191253662	0.98500007390976	0.899999976158142
1.75147128105164	0.991782307624817	0.945945918560028	1.20289933681488	1	1
2.01759481430054	0.975215435028076	0.88648647069931	1.20199632644653	1	1
1.84538280963898	0.987808644771576	0.88648647069931	1.21973180770874	1	1
1.72268259525299	0.99365222454071	0.924324333667755	1.24346613883972	1	1
1.73937177658081	0.991877257823944	0.918918907642365	1.25653958320618	1	1
1.8423125743866	0.984433889389038	0.924324333667755	1.8127349615097	0.985000014305115	0.800000011920929
1.9696854352951	0.97831255197525	0.881081104278564	1.22078490257263	1	1
2.35552954673767	0.956077337265015	0.837837815284729	1.17538809776306	1	1
2.25180673599243	0.968721747398376	0.859459459781647	1.16988015174866	1	1
1.94669735431671	0.977297246456146	0.88648647069931	1.30892837047577	1	1
1.84238135814667	0.979539752006531	0.951351344585419	1.56551194190979	0.995000123977661	0.899999976158142
1.83592534065247	0.981534004211426	0.935135126113892	1.15624403953552	1	1
1.78756141662598	0.986603319644928	0.918918907642365	1.75671291351318	0.982500076293945	0.899999976158142
2.36823344230652	0.954492390155792	0.864864885807037	1.19213843345642	1	1
1.66091775894165	0.994163572788239	0.940540552139282	1.16173052787781	1	1
1.6351957321167	0.995237469673157	0.945945918560028	1.14236295223236	1	1
2.22260594367981	0.966742098331451	0.864864885807037	1.13999366760254	1	1
2.63675761222839	0.935325086116791	0.859459459781647	1.14257001876831	1	1
1.87020242214203	0.985777974128723	0.891891896724701	1.1907069683075	1	1
1.73223733901978	0.989006519317627	0.918918907642365	1.16005373001099	1	1
1.7240377664566	0.990233719348907	0.924324333667755	1.14415526390076	1	1
2.18065786361694	0.960394382476807	0.902702689170837	1.1902437210083	1	1
1.66156721115112	0.994076013565063	0.945945918560028	3.40642499923706	0.845000028610229	0.600000023841858
2.63520097732544	0.934229373931885	0.810810804367065	1.621746301651	0.987499952316284	0.899999976158142
1.64241945743561	0.992563903331757	0.945945918560028	1.13533329963684	1	1
1.66447818279266	0.992498159408569	0.935135126113892	1.1147917509079	1	1
1.89480245113373	0.981234431266785	0.902702689170837	1.11346888542175	1	1
1.90951037406921	0.97739964723587	0.88648647069931	1.21314823627472	1	1
1.8323210477829	0.98032146692276	0.924324333667755	1.12052369117737	1	1
1.82892286777496	0.980613589286804	0.891891896724701	1.89947319030762	0.974999964237213	0.899999976158142
2.78629469871521	0.924127161502838	0.794594585895538	1.17472052574158	1	1
2.0569212436676	0.971753120422363	0.875675678253174	1.11142432689667	1	1
1.79411351680756	0.982556581497192	0.908108115196228	1.2228901386261	1	1
1.56986248493195	0.99502557516098	0.951351344585419	1.62103271484375	0.995000004768372	0.899999976158142
2.34735679626465	0.951891958713531	0.88648647069931	1.09207713603973	1	1
2.09339690208435	0.965208113193512	0.810810804367065	1.08780002593994	1	1
2.20104694366455	0.955799877643585	0.875675678253174	1.15916192531586	1	1
1.61782717704773	0.994229316711426	0.929729700088501	1.84175705909729	0.969999969005585	0.899999976158142
1.87830352783203	0.978999197483063	0.864864885807037	1.11254942417145	1	1
1.59700930118561	0.994762599468231	0.940540552139282	1.08837747573853	1	1
2.61135053634644	0.937582194805145	0.805405378341675	1.14964509010315	1	1
1.76143670082092	0.981979608535767	0.902702689170837	1.40808165073395	0.994999945163727	0.899999976158142
1.66791117191315	0.987421452999115	0.924324333667755	1.08904051780701	1	1
2.16837596893311	0.96487945318222	0.864864885807037	1.12153792381287	1	1
1.68282008171082	0.987742841243744	0.913513541221619	2.1225471496582	0.955000042915344	0.899999976158142
1.70447170734406	0.985653758049011	0.913513541221619	1.06432378292084	1	1
1.81853699684143	0.979430258274078	0.897297322750092	1.14271783828735	1	1
1.60329377651215	0.992505490779877	0.940540552139282	1.52314257621765	0.995000064373016	0.899999976158142
2.8499162197113	0.927918255329132	0.762162148952484	1.08420085906982	1	1
2.17541551589966	0.966851711273193	0.875675678253174	1.15421187877655	1	1
1.86372625827789	0.975157022476196	0.88648647069931	1.06588423252106	1	1
1.52759993076324	0.996778666973114	0.935135126113892	1.08089327812195	1	1
2.02327752113342	0.964156329631805	0.88648647069931	1.05769896507263	1	1
1.62243008613586	0.993177533149719	0.918918907642365	1.13535964488983	1	1
1.66230404376984	0.988999366760254	0.908108115196228	1.04810547828674	1	1
1.96677148342133	0.969174563884735	0.918918907642365	1.05164408683777	1	1
1.97002232074738	0.965923964977264	0.897297322750092	1.05379009246826	1	1
2.26924300193787	0.952468991279602	0.84324324131012	1.67521131038666	0.980000019073486	0.800000011920929
2.29509997367859	0.950160622596741	0.859459459781647	1.05094563961029	1	1
1.54613101482391	0.994923293590546	0.967567563056946	1.09134542942047	1	1
1.77226710319519	0.982556641101837	0.908108115196228	1.51928472518921	0.995000004768372	0.899999976158142
1.69233667850494	0.984835684299469	0.913513541221619	1.12283825874329	0.999999940395355	1
1.58169806003571	0.992067217826843	0.924324333667755	1.09991228580475	1	1
1.73454892635345	0.985668361186981	0.897297322750092	1.38696324825287	0.995000004768372	0.899999976158142
2.11731743812561	0.960971534252167	0.854054033756256	1.04546523094177	1	1
1.62499105930328	0.989181876182556	0.929729700088501	1.04593586921692	1	1
1.47430372238159	0.996851742267609	0.951351344585419	1.2817075252533	0.995000004768372	0.899999976158142
2.09208941459656	0.958071529865265	0.854054033756256	1.65370011329651	0.98500007390976	0.899999976158142
2.2116391658783	0.95447039604187	0.870270252227783	1.05015110969543	1	1
2.03278398513794	0.973506093025208	0.891891896724701	1.21732211112976	0.999999940395355	1
1.54493129253387	0.992615044116974	0.924324333667755	1.02431750297546	1	1
1.89554917812347	0.973206698894501	0.864864885807037	1.04966914653778	1	1
1.51329934597015	0.994572758674622	0.945945918560028	1.35067105293274	0.995000004768372	0.899999976158142
2.05519461631775	0.96158504486084	0.84324324131012	1.02485477924347	1	1
2.02552485466003	0.966566801071167	0.875675678253174	1.02871370315552	1	1
1.5113513469696	0.994134366512299	0.924324333667755	1.08580279350281	1	1
2.00218033790588	0.970058441162109	0.881081104278564	1.01897728443146	1	1
1.47667050361633	0.995777904987335	0.935135126113892	1.20025181770325	1	1
1.87796521186829	0.97037261724472	0.918918907642365	1.00687038898468	1	1
1.96609961986542	0.96720963716507	0.891891896724701	1.87538886070251	0.964999914169312	0.899999976158142
1.88804960250854	0.969547092914581	0.88648647069931	1.20704102516174	1	1
1.8032648563385	0.978911697864532	0.902702689170837	1.03450775146484	1	1
