loss	auc	accuracy	val_loss	val_auc	val_accuracy
57.1886520385742	0.522597014904022	0.333333343267441	15.7675218582153	1	1
39.9867134094238	0.554114758968353	0.371584713459015	41.1346893310547	0.324999988079071	0
25.7014198303223	0.698378622531891	0.524590134620667	22.5932598114014	0.607500016689301	0.300000011920929
29.3250408172607	0.640396893024445	0.469945341348648	17.4187545776367	0.874999940395355	0.800000011920929
22.0565280914307	0.75109738111496	0.573770463466644	16.5385417938232	0.980000019073486	0.899999976158142
22.1331577301025	0.71856427192688	0.573770463466644	16.0685024261475	0.985000014305115	0.899999976158142
21.1259365081787	0.722953796386719	0.540983617305756	25.6136322021484	0.482499986886978	0.400000005960464
21.9929389953613	0.737391352653503	0.612021863460541	14.9445095062256	0.995000004768372	0.899999976158142
25.7167644500732	0.688800752162933	0.519125699996948	16.3278331756592	0.927500009536743	0.899999976158142
24.5444793701172	0.682903349399567	0.502732217311859	16.0148811340332	0.919999957084656	0.899999976158142
22.8906116485596	0.735793948173523	0.562841534614563	19.633918762207	0.759999930858612	0.5
21.803352355957	0.780666828155518	0.612021863460541	19.7078323364258	0.819999992847443	0.699999988079071
20.2895812988281	0.769969284534454	0.601092875003815	34.6424522399902	0.365000009536743	0.100000001490116
19.5403594970703	0.773179292678833	0.595628440380096	20.6793575286865	0.707499980926514	0.600000023841858
18.1729564666748	0.821687698364258	0.677595615386963	26.3131408691406	0.41499999165535	0.100000001490116
20.5794219970703	0.756621658802032	0.568306028842926	16.7913131713867	0.924999952316284	0.899999976158142
21.5208759307861	0.825823366641998	0.693989098072052	61.0749893188477	0.224999994039536	0
26.3521041870117	0.758263885974884	0.628415286540985	17.3608112335205	0.904999971389771	0.899999976158142
15.5625190734863	0.894338488578796	0.74316942691803	18.1411094665527	0.867499947547913	0.699999988079071
15.3923940658569	0.903057754039764	0.732240438461304	23.4253711700439	0.639999985694885	0.600000023841858
19.0637722015381	0.802838265895844	0.633879780769348	12.8947505950928	1	1
19.6289939880371	0.764101684093475	0.568306028842926	16.8841400146484	0.839999973773956	0.699999988079071
19.7099456787109	0.761444091796875	0.595628440380096	22.6598930358887	0.527499973773956	0.400000005960464
19.9799728393555	0.832803308963776	0.666666686534882	16.6156768798828	0.764999985694885	0.5
16.4231491088867	0.855392813682556	0.754098355770111	13.7864437103271	0.985000014305115	0.899999976158142
16.0431213378906	0.870345532894135	0.732240438461304	12.3587875366211	1	1
19.6130867004395	0.793253064155579	0.644808769226074	12.2663698196411	1	1
24.8603649139404	0.795052170753479	0.677595615386963	17.0788249969482	0.76499992609024	0.699999988079071
13.696252822876	0.937270522117615	0.808743178844452	13.6631565093994	0.950000047683716	0.800000011920929
15.8979053497314	0.847434937953949	0.677595615386963	12.3449535369873	0.995000004768372	0.899999976158142
15.8125944137573	0.86800891160965	0.715847015380859	23.0866527557373	0.469999998807907	0.200000002980232
13.7109451293945	0.933366119861603	0.797814190387726	17.5789089202881	0.754999995231628	0.600000023841858
15.572117805481	0.869046688079834	0.726775944232941	11.8622150421143	1	1
15.4425430297852	0.885857999324799	0.765027344226837	52.4419784545898	0.25	0
20.0181770324707	0.78548926115036	0.633879780769348	17.0695991516113	0.879999995231628	0.699999988079071
13.3688468933105	0.922258019447327	0.825136601924896	17.6459617614746	0.782499969005585	0.699999988079071
12.8953742980957	0.944384694099426	0.830601096153259	40.7794647216797	0.324999988079071	0
21.4694671630859	0.728269040584564	0.573770463466644	12.8314418792725	0.919999957084656	0.899999976158142
13.783350944519	0.900736033916473	0.786885261535645	14.114972114563	0.894999980926514	0.800000011920929
13.5334005355835	0.926289200782776	0.819672107696533	14.1484699249268	0.845000028610229	0.800000011920929
16.8480396270752	0.814528703689575	0.661202192306519	11.9895782470703	0.995000004768372	0.899999976158142
14.4382658004761	0.876817643642426	0.737704932689667	37.4252128601074	0.324999988079071	0
20.1966114044189	0.820351421833038	0.721311450004578	19.8085479736328	0.615000009536743	0.5
13.4172954559326	0.901497542858124	0.754098355770111	13.7244930267334	0.915000021457672	0.899999976158142
15.7191457748413	0.895794212818146	0.786885261535645	15.5855131149292	0.862500011920929	0.699999988079071
13.12380027771	0.920623242855072	0.797814190387726	17.2484798431396	0.75	0.600000023841858
12.0432767868042	0.960569083690643	0.846994519233704	14.0127286911011	0.879999935626984	0.800000011920929
12.2209949493408	0.947908222675323	0.841530025005341	14.7731294631958	0.870000004768372	0.699999988079071
13.5006074905396	0.888373851776123	0.754098355770111	15.2385501861572	0.819999992847443	0.699999988079071
14.2930011749268	0.873861491680145	0.759562849998474	11.419041633606	0.995000004768372	0.899999976158142
15.7327289581299	0.825188815593719	0.628415286540985	10.5339527130127	1	1
18.5830612182617	0.852593421936035	0.754098355770111	21.3049507141113	0.480000019073486	0.300000011920929
11.917685508728	0.954985201358795	0.808743178844452	22.3807563781738	0.465000003576279	0.200000002980232
13.7701797485352	0.876056373119354	0.732240438461304	16.4084281921387	0.714999973773956	0.5
11.479790687561	0.96113646030426	0.8852459192276	24.5107803344727	0.420000016689301	0.200000002980232
16.5733432769775	0.837752640247345	0.693989098072052	16.2323188781738	0.709999978542328	0.5
14.4684591293335	0.873144924640656	0.74316942691803	13.7750883102417	0.850000023841858	0.699999988079071
11.6864070892334	0.946803450584412	0.841530025005341	11.2468738555908	0.995000064373016	0.899999976158142
11.3208608627319	0.956239283084869	0.846994519233704	13.8624973297119	0.839999973773956	0.699999988079071
14.7612915039062	0.834072351455688	0.661202192306519	25.278018951416	0.430000007152557	0.200000002980232
14.5543127059937	0.841126978397369	0.6721311211586	27.3906364440918	0.354999989271164	0.100000001490116
17.6960487365723	0.85984206199646	0.759562849998474	9.9457483291626	1	1
13.3856687545776	0.899802923202515	0.759562849998474	11.2911195755005	0.972500085830688	0.899999976158142
10.8489894866943	0.96956467628479	0.879781424999237	11.1738424301147	0.975000083446503	0.899999976158142
10.6678895950317	0.977208971977234	0.901639342308044	10.7862339019775	0.98500007390976	0.899999976158142
11.1932258605957	0.949169993400574	0.874316930770874	11.7571506500244	0.909999966621399	0.899999976158142
11.2656545639038	0.941406011581421	0.85792350769043	13.8269062042236	0.834999978542328	0.699999988079071
10.6245746612549	0.969781100749969	0.8852459192276	11.7973804473877	0.892499983310699	0.899999976158142
13.0833721160889	0.887933254241943	0.786885261535645	9.86003971099854	1	1
17.2158432006836	0.844807326793671	0.74316942691803	11.628960609436	0.915000021457672	0.899999976158142
11.4710750579834	0.932500302791595	0.836065590381622	12.9711894989014	0.854999959468842	0.699999988079071
10.5295705795288	0.965772330760956	0.907103836536407	10.9982671737671	0.959999978542328	0.899999976158142
10.2044820785522	0.979612708091736	0.907103836536407	11.2353353500366	0.887499928474426	0.899999976158142
10.3951282501221	0.965854406356812	0.868852436542511	25.286018371582	0.342499971389771	0.100000001490116
17.2314033508301	0.870957612991333	0.770491778850555	9.63048076629639	0.995000004768372	0.899999976158142
12.300986289978	0.905476331710815	0.797814190387726	13.050573348999	0.879999995231628	0.800000011920929
10.7573957443237	0.954096734523773	0.85792350769043	12.8080902099609	0.839999914169312	0.699999988079071
10.7612686157227	0.935150384902954	0.841530025005341	9.59002017974854	0.995000004768372	0.899999976158142
12.2107009887695	0.882931590080261	0.715847015380859	11.4261703491211	0.85999995470047	0.699999988079071
11.82421875	0.893942773342133	0.792349755764008	20.5770492553711	0.480000019073486	0.100000001490116
13.3981227874756	0.908663988113403	0.825136601924896	10.8370752334595	0.919999957084656	0.899999976158142
9.64878273010254	0.985039830207825	0.890710353851318	10.5840444564819	0.909999966621399	0.899999976158142
10.2467842102051	0.95126748085022	0.846994519233704	29.6112174987793	0.324999988079071	0
14.9535436630249	0.825166463851929	0.639344274997711	11.233211517334	0.899999976158142	0.899999976158142
10.3297538757324	0.945541799068451	0.836065590381622	15.331075668335	0.649999976158142	0.5
9.64413166046143	0.976947724819183	0.868852436542511	10.1148290634155	0.965000033378601	0.899999976158142
13.7676277160645	0.883499026298523	0.759562849998474	9.37642860412598	0.995000004768372	0.899999976158142
9.96039772033691	0.961002171039581	0.868852436542511	11.7371158599854	0.852500021457672	0.699999988079071
9.49751281738281	0.977716505527496	0.896174848079681	10.03151512146	0.965000033378601	0.899999976158142
9.61302947998047	0.969937920570374	0.846994519233704	9.76238536834717	0.965000033378601	0.899999976158142
11.1066665649414	0.910642325878143	0.775956273078918	10.5102949142456	0.934999942779541	0.899999976158142
13.2154550552368	0.871704161167145	0.732240438461304	38.8823509216309	0.275000005960464	0
12.4688911437988	0.839798152446747	0.6721311211586	12.2800436019897	0.894999921321869	0.899999976158142
10.9278593063354	0.921727955341339	0.863388001918793	12.717848777771	0.872500002384186	0.800000011920929
9.21295356750488	0.978672206401825	0.907103836536407	12.0733823776245	0.879999935626984	0.800000011920929
9.22131538391113	0.977955460548401	0.890710353851318	10.8534183502197	0.889999985694885	0.899999976158142
8.98122787475586	0.985084712505341	0.879781424999237	27.3418636322021	0.354999989271164	0.100000001490116
14.4911546707153	0.868053734302521	0.759562849998474	8.91239738464355	0.995000004768372	0.899999976158142
9.0159330368042	0.980948984622955	0.8852459192276	8.19801139831543	1	1
10.2511081695557	0.923654079437256	0.775956273078918	9.7249870300293	0.924999952316284	0.699999988079071
14.0174655914307	0.841955542564392	0.732240438461304	10.0903272628784	0.897499918937683	0.800000011920929
9.02515411376953	0.97163999080658	0.896174848079681	9.33130168914795	0.972500026226044	0.899999976158142
8.97350120544434	0.972289323806763	0.8852459192276	8.09219551086426	1	1
10.2736206054688	0.924609541893005	0.786885261535645	8.75495433807373	0.995000004768372	0.899999976158142
8.71126270294189	0.982046365737915	0.896174848079681	8.41456985473633	0.995000004768372	0.899999976158142
10.0765171051025	0.908522248268127	0.792349755764008	16.966760635376	0.574999988079071	0.200000002980232
10.2437257766724	0.935635447502136	0.825136601924896	12.315089225769	0.752499997615814	0.600000023841858
10.204984664917	0.910052537918091	0.836065590381622	12.4296836853027	0.774999976158142	0.5
10.5244131088257	0.920966625213623	0.808743178844452	8.95758819580078	0.995000004768372	0.899999976158142
8.64247703552246	0.974723041057587	0.901639342308044	8.15828514099121	0.995000004768372	0.899999976158142
12.6576557159424	0.836625576019287	0.69945353269577	8.4760627746582	0.995000004768372	0.899999976158142
8.85632991790771	0.963540256023407	0.879781424999237	9.04379177093506	0.995000004768372	0.899999976158142
8.37577438354492	0.983867883682251	0.907103836536407	8.5142822265625	0.995000004768372	0.899999976158142
9.23469734191895	0.94318288564682	0.890710353851318	14.2042589187622	0.694999992847443	0.600000023841858
10.4789447784424	0.893420219421387	0.732240438461304	8.99176788330078	0.990000009536743	0.899999976158142
8.86687755584717	0.955537676811218	0.841530025005341	10.1280717849731	0.864999949932098	0.699999988079071
11.366584777832	0.851817011833191	0.732240438461304	8.12704277038574	0.995000004768372	0.899999976158142
8.88842391967773	0.952402174472809	0.836065590381622	7.61437606811523	1	1
8.57108974456787	0.967190682888031	0.836065590381622	9.49635219573975	0.884999990463257	0.899999976158142
12.5373773574829	0.885813236236572	0.792349755764008	8.21865272521973	0.995000004768372	0.899999976158142
8.33175563812256	0.973020970821381	0.896174848079681	9.39171028137207	0.917499959468842	0.899999976158142
12.2103834152222	0.85632598400116	0.715847015380859	7.40795373916626	1	1
8.82858467102051	0.946840763092041	0.852459013462067	7.97692394256592	0.985000014305115	0.899999976158142
8.34390068054199	0.967631161212921	0.841530025005341	7.59092807769775	0.995000004768372	0.899999976158142
8.29540729522705	0.968258261680603	0.896174848079681	7.9763298034668	0.995000004768372	0.899999976158142
8.26350116729736	0.967048823833466	0.896174848079681	7.43293762207031	1	1
9.29641437530518	0.920787394046783	0.814207673072815	7.3992166519165	1	1
9.00054550170898	0.932425558567047	0.814207673072815	8.63141918182373	0.944999992847443	0.899999976158142
8.02722835540771	0.973207592964172	0.8852459192276	7.23200607299805	1	1
10.0714874267578	0.902908384799957	0.775956273078918	8.87914562225342	0.899999976158142	0.899999976158142
7.59387874603271	0.993624806404114	0.939890682697296	8.29093074798584	0.980000019073486	0.899999976158142
8.5710391998291	0.943802416324615	0.874316930770874	10.6886978149414	0.807500004768372	0.699999988079071
8.88664436340332	0.935307025909424	0.836065590381622	7.45009326934814	0.995000004768372	0.899999976158142
7.6817512512207	0.981479048728943	0.896174848079681	8.36571025848389	0.965000033378601	0.899999976158142
7.6032452583313	0.981575965881348	0.923497259616852	7.68410396575928	0.995000004768372	0.899999976158142
7.67273902893066	0.976865530014038	0.868852436542511	6.86913776397705	1	1
13.2266874313354	0.85239189863205	0.759562849998474	10.6338043212891	0.807499945163727	0.600000023841858
9.88929748535156	0.87018871307373	0.748633861541748	7.3154764175415	0.995000004768372	0.899999976158142
7.59675979614258	0.978477895259857	0.907103836536407	7.27465724945068	0.995000004768372	0.899999976158142
8.58417510986328	0.941025495529175	0.846994519233704	8.88242721557617	0.884999930858612	0.899999976158142
7.75120401382446	0.964451014995575	0.8852459192276	7.38725280761719	0.995000004768372	0.899999976158142
7.3446798324585	0.987182378768921	0.918032765388489	8.85564231872559	0.884999930858612	0.899999976158142
10.3379430770874	0.847748339176178	0.683060109615326	6.70673370361328	1	1
7.80348825454712	0.957836806774139	0.846994519233704	6.72216176986694	1	1
7.62807464599609	0.966242611408234	0.85792350769043	7.2473611831665	0.995000004768372	0.899999976158142
7.26159477233887	0.983748316764832	0.901639342308044	7.46836233139038	0.987500011920929	0.899999976158142
8.42241859436035	0.920742630958557	0.808743178844452	6.579514503479	1	1
8.87029838562012	0.903311550617218	0.781420767307281	12.8660869598389	0.634999990463257	0.5
7.78517436981201	0.950327038764954	0.825136601924896	14.7818632125854	0.442499965429306	0.100000001490116
11.2163352966309	0.888582825660706	0.786885261535645	8.12145137786865	0.942499995231628	0.899999976158142
8.20864391326904	0.939054727554321	0.836065590381622	8.06588172912598	0.88999992609024	0.899999976158142
7.20934677124023	0.979000568389893	0.901639342308044	7.08054113388062	0.995000004768372	0.899999976158142
7.4610424041748	0.965063214302063	0.841530025005341	6.41005325317383	1	1
8.92185211181641	0.905431687831879	0.748633861541748	6.4240403175354	1	1
7.14266061782837	0.978455603122711	0.896174848079681	8.67523860931396	0.864999949932098	0.699999988079071
7.39321231842041	0.965301990509033	0.841530025005341	6.32287359237671	1	1
7.83708620071411	0.941316604614258	0.765027344226837	6.31190204620361	1	1
7.37338781356812	0.964906334877014	0.852459013462067	6.28039169311523	1	1
8.40891456604004	0.942488551139832	0.868852436542511	6.24977016448975	1	1
7.00459718704224	0.978858709335327	0.890710353851318	6.20846271514893	1	1
7.63833427429199	0.942302048206329	0.825136601924896	6.17577457427979	1	1
8.44215869903564	0.91683828830719	0.770491778850555	6.89202785491943	0.980000019073486	0.899999976158142
7.91928672790527	0.93283623456955	0.868852436542511	6.38659048080444	0.995000004768372	0.899999976158142
7.34721946716309	0.959404587745667	0.901639342308044	6.61759805679321	0.995000004768372	0.899999976158142
6.69229602813721	0.988473892211914	0.901639342308044	6.05355882644653	1	1
7.85961723327637	0.925251543521881	0.792349755764008	6.11462545394897	1	1
7.65801906585693	0.932813763618469	0.781420767307281	6.00186538696289	1	1
7.1021728515625	0.958844661712646	0.863388001918793	6.10915422439575	1	1
6.69583797454834	0.982225477695465	0.912568330764771	6.14973735809326	0.995000004768372	0.899999976158142
7.59823942184448	0.929984450340271	0.852459013462067	6.33052015304565	0.995000004768372	0.899999976158142
7.54214096069336	0.933410942554474	0.803278684616089	7.76920795440674	0.884999930858612	0.899999976158142
9.14832210540771	0.882506132125854	0.74316942691803	6.73983001708984	0.995000004768372	0.899999976158142
6.61372947692871	0.980926632881165	0.912568330764771	5.84529542922974	1	1
7.1086573600769	0.953813195228577	0.8852459192276	6.735032081604	0.995000004768372	0.899999976158142
6.35433197021484	0.99005651473999	0.918032765388489	10.2968053817749	0.764999985694885	0.699999988079071
8.68190956115723	0.908305704593658	0.830601096153259	7.97093486785889	0.894999921321869	0.899999976158142
6.87578392028809	0.963667154312134	0.846994519233704	7.82795858383179	0.884999930858612	0.899999976158142
6.32431268692017	0.986906230449677	0.923497259616852	8.26859283447266	0.879999935626984	0.800000011920929
6.46414136886597	0.976156294345856	0.896174848079681	6.00248908996582	0.995000004768372	0.899999976158142
6.76355838775635	0.957291841506958	0.874316930770874	6.7705717086792	0.995000064373016	0.899999976158142
6.91796493530273	0.952999413013458	0.836065590381622	6.76507472991943	0.990000069141388	0.899999976158142
6.84606218338013	0.953716158866882	0.797814190387726	7.07879638671875	0.899999976158142	0.899999976158142
6.59105157852173	0.964122474193573	0.874316930770874	8.34068012237549	0.795000016689301	0.699999988079071
7.72150564193726	0.911441087722778	0.808743178844452	6.09691333770752	0.995000004768372	0.899999976158142
6.03695058822632	0.98971301317215	0.939890682697296	6.7549614906311	0.929999947547913	0.899999976158142
6.36006879806519	0.969542264938354	0.874316930770874	5.40514659881592	1	1
6.97810888290405	0.93493390083313	0.830601096153259	6.64534854888916	0.944999992847443	0.899999976158142
7.21032571792603	0.914345026016235	0.737704932689667	5.37582540512085	1	1
7.01419401168823	0.949901461601257	0.85792350769043	5.96606063842773	0.995000004768372	0.899999976158142
5.87031412124634	0.991071701049805	0.934426248073578	8.21429920196533	0.869999945163727	0.800000011920929
6.16659736633301	0.972371518611908	0.879781424999237	5.2617359161377	1	1
6.67838335037231	0.948721945285797	0.846994519233704	5.5889048576355	0.995000004768372	0.899999976158142
6.07394504547119	0.972625374794006	0.907103836536407	10.5348129272461	0.610000014305115	0.300000011920929
10.4318513870239	0.846509397029877	0.69945353269577	5.19493961334229	1	1
5.96893262863159	0.977798640727997	0.8852459192276	6.08685827255249	0.995000004768372	0.899999976158142
5.6911792755127	0.992086946964264	0.939890682697296	6.76916790008545	0.914999961853027	0.899999976158142
6.98942518234253	0.918010413646698	0.759562849998474	7.28368759155273	0.875	0.699999988079071
7.82104349136353	0.889418959617615	0.781420767307281	5.13905668258667	1	1
5.81177759170532	0.983964860439301	0.912568330764771	6.65987110137939	0.889999985694885	0.899999976158142
5.89096641540527	0.979284286499023	0.901639342308044	5.22734594345093	1	1
5.59371089935303	0.992997765541077	0.934426248073578	5.76752042770386	0.995000004768372	0.899999976158142
5.59859466552734	0.988458931446075	0.923497259616852	5.16616249084473	1	1
5.89399671554565	0.971094965934753	0.85792350769043	5.77401065826416	0.995000004768372	0.899999976158142
6.65825843811035	0.940323710441589	0.836065590381622	6.68144083023071	0.904999971389771	0.899999976158142
5.79178428649902	0.976693868637085	0.874316930770874	11.2555456161499	0.597499966621399	0.300000011920929
6.27387237548828	0.942488551139832	0.814207673072815	4.93792867660522	1	1
6.2575478553772	0.944728195667267	0.830601096153259	4.88016510009766	1	1
5.78721761703491	0.971139848232269	0.8852459192276	8.69409084320068	0.805000007152557	0.699999988079071
7.79142189025879	0.903931021690369	0.825136601924896	4.94565534591675	1	1
6.08148813247681	0.951969265937805	0.830601096153259	6.12956714630127	0.972500085830688	0.899999976158142
5.35131311416626	0.992497503757477	0.939890682697296	4.96802806854248	0.995000004768372	0.899999976158142
7.00205039978027	0.919070482254028	0.836065590381622	4.86108303070068	1	1
6.14320182800293	0.947340846061707	0.874316930770874	5.55258750915527	0.985000014305115	0.899999976158142
5.83469867706299	0.960285484790802	0.825136601924896	5.49142169952393	0.995000004768372	0.899999976158142
5.23786544799805	0.993191838264465	0.939890682697296	5.96613693237305	0.962499976158142	0.899999976158142
5.22012615203857	0.991415083408356	0.928961753845215	5.35486555099487	0.995000064373016	0.899999976158142
5.28906154632568	0.986368656158447	0.928961753845215	6.10512018203735	0.904999971389771	0.899999976158142
5.62289142608643	0.963547766208649	0.85792350769043	5.53133201599121	0.995000064373016	0.899999976158142
7.23645067214966	0.878527283668518	0.748633861541748	6.60455226898193	0.884999990463257	0.899999976158142
5.87516403198242	0.955231606960297	0.836065590381622	6.19444227218628	0.924999952316284	0.899999976158142
5.66308975219727	0.957150042057037	0.852459013462067	4.96465635299683	0.995000004768372	0.899999976158142
5.38890266418457	0.973804771900177	0.901639342308044	5.97854042053223	0.935000061988831	0.899999976158142
5.51540279388428	0.973446547985077	0.928961753845215	5.77799367904663	0.977499961853027	0.899999976158142
5.14200687408447	0.982636094093323	0.912568330764771	6.17814207077026	0.884999930858612	0.899999976158142
5.98191499710083	0.938308000564575	0.830601096153259	6.19183492660522	0.909999966621399	0.899999976158142
6.58598041534424	0.918749451637268	0.814207673072815	5.09711170196533	0.995000004768372	0.899999976158142
5.4736909866333	0.967593908309937	0.852459013462067	4.60282564163208	0.995000004768372	0.899999976158142
4.90665292739868	0.992960393428802	0.928961753845215	4.60396480560303	0.995000004768372	0.899999976158142
4.82911777496338	0.995132803916931	0.939890682697296	6.10128116607666	0.884999930858612	0.899999976158142
5.69451522827148	0.943324625492096	0.808743178844452	4.61180877685547	0.995000004768372	0.899999976158142
6.05594825744629	0.925035119056702	0.754098355770111	4.31226968765259	1	1
5.13528156280518	0.973991453647614	0.896174848079681	5.44888830184937	0.934999942779541	0.899999976158142
5.60475635528564	0.945676207542419	0.841530025005341	7.15686702728271	0.877499997615814	0.800000011920929
6.18528890609741	0.940562605857849	0.846994519233704	4.89848136901855	0.995000004768372	0.899999976158142
4.76524925231934	0.99163156747818	0.923497259616852	4.52233743667603	0.995000004768372	0.899999976158142
5.1496114730835	0.96241295337677	0.874316930770874	6.27428770065308	0.884999930858612	0.899999976158142
5.74187850952148	0.931365489959717	0.786885261535645	4.94280052185059	0.995000004768372	0.899999976158142
4.84520578384399	0.980889141559601	0.8852459192276	5.28159046173096	0.930000007152557	0.899999976158142
5.33819198608398	0.951058506965637	0.841530025005341	4.04730558395386	1	1
6.58583211898804	0.905155420303345	0.786885261535645	4.92471313476562	0.974999904632568	0.899999976158142
4.72033548355103	0.983054161071777	0.896174848079681	4.14996147155762	1	1
4.77021503448486	0.981919407844543	0.8852459192276	3.98585319519043	1	1
4.80940532684326	0.975350141525269	0.868852436542511	3.95174217224121	1	1
5.01643085479736	0.964346468448639	0.863388001918793	4.1925802230835	0.995000004768372	0.899999976158142
5.72985649108887	0.914845108985901	0.74316942691803	3.907710313797	1	1
6.59368467330933	0.898653268814087	0.803278684616089	3.93986821174622	1	1
4.89114093780518	0.966675639152527	0.874316930770874	3.91536521911621	1	1
4.83883285522461	0.970930695533752	0.868852436542511	6.56161975860596	0.855000019073486	0.800000011920929
5.07299423217773	0.953671336174011	0.841530025005341	4.6730694770813	0.985000014305115	0.899999976158142
4.51513528823853	0.984405398368835	0.934426248073578	4.84019899368286	0.945000052452087	0.899999976158142
4.82121324539185	0.969034671783447	0.863388001918793	3.85755681991577	1	1
4.60780477523804	0.97962760925293	0.879781424999237	3.85358357429504	1	1
5.18443155288696	0.948684692382812	0.841530025005341	4.02421092987061	0.995000004768372	0.899999976158142
5.00444602966309	0.957366585731506	0.841530025005341	5.18113708496094	0.914999961853027	0.899999976158142
5.31464099884033	0.938166201114655	0.819672107696533	4.02354431152344	0.995000004768372	0.899999976158142
4.35010242462158	0.989018797874451	0.928961753845215	3.9129319190979	0.995000004768372	0.899999976158142
5.03124856948853	0.949222087860107	0.852459013462067	3.73413705825806	1	1
4.23447322845459	0.993288815021515	0.945355176925659	3.76093673706055	1	1
4.26239824295044	0.991407632827759	0.923497259616852	4.47322607040405	0.980000019073486	0.899999976158142
5.5716347694397	0.925266563892365	0.792349755764008	3.61902093887329	1	1
5.7756814956665	0.905103147029877	0.803278684616089	5.86897563934326	0.884999930858612	0.899999976158142
4.41438817977905	0.974640965461731	0.907103836536407	4.25444889068604	0.995000004768372	0.899999976158142
4.46911525726318	0.976604282855988	0.907103836536407	4.45924949645996	0.995000004768372	0.899999976158142
4.32871913909912	0.980426430702209	0.896174848079681	8.55987358093262	0.649999916553497	0.400000005960464
5.79016971588135	0.908992528915405	0.759562849998474	4.07611751556396	0.990000009536743	0.899999976158142
4.41496324539185	0.973356962203979	0.874316930770874	3.75085258483887	0.995000004768372	0.899999976158142
5.66435527801514	0.926169693470001	0.85792350769043	3.54160308837891	1	1
4.21048736572266	0.982479333877563	0.896174848079681	3.53065299987793	1	1
4.8065938949585	0.945877730846405	0.825136601924896	4.35358381271362	0.995000004768372	0.899999976158142
4.04435873031616	0.992736458778381	0.918032765388489	3.54753065109253	1	1
4.22380924224854	0.98060554265976	0.896174848079681	3.52800559997559	1	1
4.53612422943115	0.956172168254852	0.890710353851318	3.8314483165741	0.995000004768372	0.899999976158142
4.03671598434448	0.988033354282379	0.918032765388489	3.55123281478882	1	1
4.11403608322144	0.982143342494965	0.901639342308044	3.37176084518433	1	1
6.03131818771362	0.896413743495941	0.770491778850555	5.09696388244629	0.917500019073486	0.899999976158142
4.50000047683716	0.957351684570312	0.841530025005341	4.2411584854126	0.995000004768372	0.899999976158142
4.14260196685791	0.979187190532684	0.896174848079681	4.33388376235962	0.974999964237213	0.899999976158142
4.73890781402588	0.9530069231987	0.907103836536407	3.34527444839478	1	1
4.12456226348877	0.977179110050201	0.901639342308044	3.42006754875183	1	1
4.5901780128479	0.951543748378754	0.814207673072815	4.22856903076172	0.995000064373016	0.899999976158142
5.50812482833862	0.925729334354401	0.852459013462067	3.28824043273926	1	1
6.50914859771729	0.878527283668518	0.792349755764008	5.02657556533813	0.884999930858612	0.899999976158142
4.46702718734741	0.955074846744537	0.852459013462067	3.5216326713562	0.995000004768372	0.899999976158142
3.93109655380249	0.989384651184082	0.923497259616852	3.80885243415833	0.995000004768372	0.899999976158142
3.78233218193054	0.994401097297668	0.934426248073578	3.64033961296082	0.995000004768372	0.899999976158142
3.81872892379761	0.991452395915985	0.934426248073578	3.34287261962891	1	1
3.93834614753723	0.983166098594666	0.896174848079681	4.35141277313232	0.964999914169312	0.899999976158142
4.30130481719971	0.961756110191345	0.85792350769043	3.20154428482056	1	1
4.16272687911987	0.968638956546783	0.846994519233704	4.56612253189087	0.915000021457672	0.899999976158142
4.1127986907959	0.9699826836586	0.874316930770874	4.50611066818237	0.949999988079071	0.899999976158142
3.7831974029541	0.990332663059235	0.934426248073578	5.65460920333862	0.870000004768372	0.699999988079071
4.53121471405029	0.942025721073151	0.841530025005341	3.1268835067749	1	1
6.37156009674072	0.875279903411865	0.775956273078918	3.59620904922485	0.990000009536743	0.899999976158142
3.86665678024292	0.979679882526398	0.912568330764771	3.25978422164917	1	1
3.67156457901001	0.992310881614685	0.934426248073578	3.32105207443237	0.995000004768372	0.899999976158142
4.08376264572144	0.967892467975616	0.841530025005341	5.7027645111084	0.864999949932098	0.800000011920929
4.60675764083862	0.946482419967651	0.85792350769043	3.66300582885742	0.995000004768372	0.899999976158142
4.02403736114502	0.973289787769318	0.896174848079681	3.2879900932312	0.995000004768372	0.899999976158142
3.57932472229004	0.994498193264008	0.934426248073578	3.15023732185364	1	1
4.98491382598877	0.916188836097717	0.754098355770111	3.04045414924622	1	1
4.03782367706299	0.972184896469116	0.890710353851318	3.12093424797058	1	1
3.79755663871765	0.980023384094238	0.8852459192276	3.64368367195129	0.995000004768372	0.899999976158142
3.9615957736969	0.96778792142868	0.879781424999237	4.42015218734741	0.914999961853027	0.899999976158142
3.63184905052185	0.986794173717499	0.918032765388489	3.61160039901733	0.995000004768372	0.899999976158142
3.60334944725037	0.987899005413055	0.934426248073578	3.68465876579285	0.995000004768372	0.899999976158142
4.87475156784058	0.932567358016968	0.846994519233704	4.71448516845703	0.894999921321869	0.899999976158142
3.56731200218201	0.990160942077637	0.918032765388489	3.96533918380737	0.980000019073486	0.899999976158142
4.85762405395508	0.909724056720734	0.693989098072052	4.60002279281616	0.884999930858612	0.899999976158142
3.72312784194946	0.977559745311737	0.918032765388489	4.43404865264893	0.944999933242798	0.899999976158142
4.18104267120361	0.951036155223846	0.863388001918793	4.01210498809814	0.975000023841858	0.899999976158142
3.67858386039734	0.977156639099121	0.912568330764771	3.44213438034058	0.995000004768372	0.899999976158142
3.44911241531372	0.99131053686142	0.950819671154022	3.08448314666748	0.995000004768372	0.899999976158142
3.37593865394592	0.995991230010986	0.945355176925659	5.23717498779297	0.892500042915344	0.800000011920929
5.89684772491455	0.905021011829376	0.819672107696533	3.12672209739685	0.995000004768372	0.899999976158142
4.03051900863647	0.954992711544037	0.830601096153259	3.26827621459961	0.995000004768372	0.899999976158142
3.57138419151306	0.984815955162048	0.912568330764771	2.8291597366333	1	1
3.38089680671692	0.99316930770874	0.934426248073578	3.04073047637939	0.995000004768372	0.899999976158142
3.58546900749207	0.979351460933685	0.890710353851318	3.14828896522522	0.995000004768372	0.899999976158142
3.37484669685364	0.989705562591553	0.934426248073578	3.00788545608521	0.995000004768372	0.899999976158142
3.55379199981689	0.975700974464417	0.918032765388489	3.64150476455688	0.987500011920929	0.899999976158142
3.53479528427124	0.979672431945801	0.863388001918793	7.45972442626953	0.739999949932098	0.600000023841858
5.39171743392944	0.868733048439026	0.688524603843689	4.21783256530762	0.90749990940094	0.899999976158142
4.03222274780273	0.955201804637909	0.890710353851318	2.86893939971924	1	1
3.68134737014771	0.972005724906921	0.896174848079681	3.67544507980347	0.979999959468842	0.899999976158142
3.52865815162659	0.975947320461273	0.863388001918793	2.89864659309387	0.995000004768372	0.899999976158142
3.52277255058289	0.978940904140472	0.874316930770874	2.80381870269775	1	1
3.17159676551819	0.996401786804199	0.950819671154022	2.75765109062195	1	1
3.23510909080505	0.99272894859314	0.950819671154022	4.86859893798828	0.884999930858612	0.899999976158142
4.78838205337524	0.919981122016907	0.819672107696533	2.81748914718628	1	1
3.70118021965027	0.968967378139496	0.85792350769043	3.64203381538391	0.995000064373016	0.899999976158142
3.36118745803833	0.982135832309723	0.896174848079681	3.49469757080078	0.995000004768372	0.899999976158142
3.1678032875061	0.992706537246704	0.928961753845215	2.75303554534912	1	1
3.25878477096558	0.985107064247131	0.918032765388489	2.58121562004089	1	1
4.57587957382202	0.925714433193207	0.836065590381622	4.88402652740479	0.904999971389771	0.800000011920929
5.36130237579346	0.860708057880402	0.683060109615326	3.32444834709167	0.995000004768372	0.899999976158142
3.1349196434021	0.991534531116486	0.939890682697296	3.86615514755249	0.962500095367432	0.899999976158142
3.2689106464386	0.983643889427185	0.912568330764771	2.76712203025818	1	1
3.11114501953125	0.9921914935112	0.928961753845215	2.53763818740845	1	1
4.05265283584595	0.936673223972321	0.814207673072815	2.53556680679321	1	1
3.15027856826782	0.9913330078125	0.934426248073578	2.53149795532227	1	1
3.56169009208679	0.962890803813934	0.863388001918793	3.01062369346619	0.990000009536743	0.899999976158142
3.57176923751831	0.959845066070557	0.874316930770874	3.41056966781616	0.995000004768372	0.899999976158142
3.3228907585144	0.982091069221497	0.901639342308044	2.84966492652893	0.995000004768372	0.899999976158142
3.59326148033142	0.963876128196716	0.846994519233704	3.95625066757202	0.894999980926514	0.899999976158142
4.79066944122314	0.918876349925995	0.797814190387726	2.98688077926636	0.990000009536743	0.899999976158142
3.10052990913391	0.990407347679138	0.918032765388489	2.90565061569214	0.995000004768372	0.899999976158142
2.97230076789856	0.994856536388397	0.918032765388489	2.91647791862488	0.995000004768372	0.899999976158142
2.99340677261353	0.994214534759521	0.945355176925659	2.46935367584229	1	1
3.02256774902344	0.989854872226715	0.939890682697296	2.61862349510193	0.995000004768372	0.899999976158142
3.1202175617218	0.9844651222229	0.901639342308044	3.37187647819519	0.995000064373016	0.899999976158142
3.54070782661438	0.959703207015991	0.846994519233704	3.40710711479187	0.995000064373016	0.899999976158142
3.94269776344299	0.956791698932648	0.879781424999237	4.84900283813477	0.884999930858612	0.899999976158142
4.05441284179688	0.936113357543945	0.830601096153259	4.17718982696533	0.894999980926514	0.899999976158142
3.14864540100098	0.980411469936371	0.896174848079681	4.09815073013306	0.899999976158142	0.899999976158142
3.15920901298523	0.981202781200409	0.890710353851318	3.08151245117188	0.995000004768372	0.899999976158142
2.93187069892883	0.99121356010437	0.934426248073578	4.09615898132324	0.894999861717224	0.899999976158142
3.29371213912964	0.96994537115097	0.907103836536407	3.9331066608429	0.899999976158142	0.899999976158142
3.85398054122925	0.937359988689423	0.792349755764008	2.77121877670288	0.995000004768372	0.899999976158142
2.84233522415161	0.9948490858078	0.934426248073578	2.58318567276001	0.995000004768372	0.899999976158142
3.73308300971985	0.950610637664795	0.85792350769043	2.3368616104126	1	1
3.84651470184326	0.96087521314621	0.879781424999237	3.35830545425415	0.995000004768372	0.899999976158142
3.08513927459717	0.979978561401367	0.901639342308044	3.01864624023438	0.995000004768372	0.899999976158142
3.32706093788147	0.963361144065857	0.85792350769043	2.27782821655273	1	1
3.661536693573	0.9443399310112	0.808743178844452	2.62531137466431	0.995000004768372	0.899999976158142
3.09640550613403	0.974999248981476	0.901639342308044	2.44838118553162	1	1
2.77843642234802	0.994386196136475	0.950819671154022	2.25015640258789	1	1
3.79113578796387	0.934986114501953	0.819672107696533	2.70261740684509	0.995000004768372	0.899999976158142
3.3806312084198	0.95723968744278	0.825136601924896	2.44779348373413	1	1
3.99177551269531	0.925206780433655	0.846994519233704	2.41045355796814	1	1
2.87060284614563	0.987174868583679	0.918032765388489	3.06550812721252	0.995000004768372	0.899999976158142
2.84883594512939	0.98783928155899	0.939890682697296	2.53380155563354	0.995000004768372	0.899999976158142
3.45199799537659	0.951521396636963	0.830601096153259	3.32598185539246	0.977499961853027	0.899999976158142
3.15617489814758	0.969990193843842	0.868852436542511	2.57307958602905	0.990000009536743	0.899999976158142
2.8607702255249	0.986734390258789	0.923497259616852	2.33257126808167	1	1
3.2202844619751	0.970997929573059	0.863388001918793	3.09806180000305	0.995000004768372	0.899999976158142
3.32322192192078	0.963308870792389	0.901639342308044	2.394127368927	0.995000004768372	0.899999976158142
2.91201829910278	0.98062801361084	0.901639342308044	2.83586001396179	0.995000004768372	0.899999976158142
3.14708042144775	0.967437028884888	0.868852436542511	2.88372755050659	0.995000004768372	0.899999976158142
3.03165888786316	0.974663317203522	0.85792350769043	3.86281394958496	0.904999971389771	0.899999976158142
3.15126013755798	0.967899858951569	0.874316930770874	2.71033501625061	0.995000004768372	0.899999976158142
2.90006470680237	0.979657530784607	0.8852459192276	4.01902198791504	0.909999966621399	0.899999976158142
3.87770581245422	0.922608971595764	0.808743178844452	2.58444166183472	0.995000004768372	0.899999976158142
2.67781209945679	0.992617011070251	0.928961753845215	2.34525489807129	0.995000004768372	0.899999976158142
2.60897636413574	0.996603310108185	0.945355176925659	3.00782108306885	0.995000004768372	0.899999976158142
2.90523838996887	0.981075882911682	0.874316930770874	2.43260312080383	0.995000004768372	0.899999976158142
3.39860558509827	0.951469123363495	0.868852436542511	2.62511420249939	0.995000004768372	0.899999976158142
3.17910122871399	0.961845695972443	0.830601096153259	3.19593238830566	0.987500011920929	0.899999976158142
2.648353099823	0.993520319461823	0.928961753845215	2.92564535140991	0.990000069141388	0.899999976158142
2.70622563362122	0.986570239067078	0.928961753845215	2.29286694526672	0.995000004768372	0.899999976158142
3.7862229347229	0.9383305311203	0.797814190387726	2.05231952667236	1	1
3.88054585456848	0.930387556552887	0.846994519233704	3.11014413833618	0.995000064373016	0.899999976158142
2.79889249801636	0.979291796684265	0.923497259616852	2.12625670433044	1	1
3.09474301338196	0.96852695941925	0.852459013462067	2.23317384719849	0.995000004768372	0.899999976158142
3.21576237678528	0.957874298095703	0.825136601924896	3.78817296028137	0.884999930858612	0.899999976158142
4.31102895736694	0.92097407579422	0.846994519233704	2.49907827377319	0.995000004768372	0.899999976158142
2.59142351150513	0.990146040916443	0.939890682697296	2.13649892807007	1	1
2.55819892883301	0.992594540119171	0.945355176925659	3.60628437995911	0.919999957084656	0.899999976158142
3.17386746406555	0.954156577587128	0.852459013462067	2.08914184570312	1	1
2.61600756645203	0.990347623825073	0.934426248073578	2.12289786338806	1	1
2.83319520950317	0.979575395584106	0.896174848079681	2.45084667205811	0.995000004768372	0.899999976158142
2.5472891330719	0.991288185119629	0.928961753845215	2.94899868965149	0.995000064373016	0.899999976158142
3.02611446380615	0.963017702102661	0.868852436542511	2.00623655319214	1	1
2.84226083755493	0.973513722419739	0.874316930770874	1.97993588447571	1	1
2.68219137191772	0.986338794231415	0.907103836536407	3.20062947273254	0.965000033378601	0.899999976158142
3.56500840187073	0.938143849372864	0.836065590381622	2.02310395240784	1	1
2.45884704589844	0.994625091552734	0.934426248073578	2.18895149230957	0.995000004768372	0.899999976158142
2.42769646644592	0.995199918746948	0.934426248073578	1.92081809043884	1	1
3.11389851570129	0.954679012298584	0.874316930770874	3.76178216934204	0.894999980926514	0.800000011920929
5.72413635253906	0.836199939250946	0.715847015380859	1.91993522644043	1	1
2.83128690719604	0.972237110137939	0.912568330764771	1.98828184604645	1	1
2.52187752723694	0.989205360412598	0.928961753845215	2.04342126846313	1	1
2.49479508399963	0.990758180618286	0.939890682697296	1.98568892478943	1	1
2.50101208686829	0.990228176116943	0.939890682697296	3.04990887641907	0.977500021457672	0.899999976158142
2.4504132270813	0.992101907730103	0.945355176925659	3.07469487190247	0.990000069141388	0.899999976158142
2.48846197128296	0.988966584205627	0.939890682697296	1.9869339466095	1	1
3.64454555511475	0.932880938053131	0.836065590381622	3.87296342849731	0.899999976158142	0.899999976158142
2.96353101730347	0.969228744506836	0.879781424999237	3.88773798942566	0.922500014305115	0.899999976158142
2.72612380981445	0.974737942218781	0.879781424999237	1.8746372461319	1	1
2.94947266578674	0.962196588516235	0.85792350769043	1.90847742557526	1	1
2.41247200965881	0.992034733295441	0.934426248073578	2.07786989212036	0.995000004768372	0.899999976158142
2.43319606781006	0.992982804775238	0.928961753845215	4.12766170501709	0.879999935626984	0.899999976158142
3.28608512878418	0.95324581861496	0.868852436542511	2.11133790016174	0.995000004768372	0.899999976158142
2.35301470756531	0.993983149528503	0.945355176925659	2.29372620582581	0.995000004768372	0.899999976158142
3.36314177513123	0.931066930294037	0.775956273078918	3.62029838562012	0.884999990463257	0.899999976158142
4.46446228027344	0.906805217266083	0.814207673072815	1.83386099338531	1	1
2.93153190612793	0.960733354091644	0.836065590381622	2.4861147403717	0.995000004768372	0.899999976158142
2.33042621612549	0.995752334594727	0.939890682697296	3.02307939529419	0.970000028610229	0.899999976158142
3.00589871406555	0.955649614334106	0.836065590381622	2.04814839363098	0.995000004768372	0.899999976158142
2.34835338592529	0.994020462036133	0.950819671154022	1.81215453147888	1	1
3.5844407081604	0.923639118671417	0.808743178844452	2.00238919258118	0.995000004768372	0.899999976158142
2.43481969833374	0.989668250083923	0.918032765388489	2.21333289146423	0.995000004768372	0.899999976158142
2.51996064186096	0.986973345279694	0.912568330764771	1.83540117740631	1	1
2.56802272796631	0.981247544288635	0.863388001918793	3.30389213562012	0.924999952316284	0.899999976158142
3.15346503257751	0.946952760219574	0.85792350769043	2.21116304397583	0.995000004768372	0.899999976158142
2.3276219367981	0.991206049919128	0.934426248073578	1.99739611148834	0.995000004768372	0.899999976158142
2.63067245483398	0.97459614276886	0.868852436542511	1.81127190589905	1	1
2.59947156906128	0.98240464925766	0.923497259616852	1.78948378562927	1	1
2.77698922157288	0.971080124378204	0.868852436542511	2.71454620361328	0.995000064373016	0.899999976158142
2.36310219764709	0.990347564220428	0.934426248073578	1.77785336971283	1	1
2.37515711784363	0.988600790500641	0.934426248073578	3.57290840148926	0.919999957084656	0.899999976158142
3.67461919784546	0.923452496528625	0.775956273078918	2.31154227256775	0.995000064373016	0.899999976158142
2.57702445983887	0.975536823272705	0.874316930770874	1.77872848510742	1	1
2.88026475906372	0.969430208206177	0.879781424999237	1.77343082427979	1	1
2.25190591812134	0.995498538017273	0.923497259616852	2.03133153915405	0.995000004768372	0.899999976158142
2.19688200950623	0.996357083320618	0.950819671154022	2.86945796012878	0.995000004768372	0.899999976158142
2.63240218162537	0.968235850334167	0.901639342308044	2.68795371055603	0.995000004768372	0.899999976158142
2.25701546669006	0.993647217750549	0.950819671154022	4.49407196044922	0.887499928474426	0.699999988079071
3.47894859313965	0.922056376934052	0.770491778850555	2.12391638755798	0.995000004768372	0.899999976158142
2.3431556224823	0.986286520957947	0.928961753845215	2.9592809677124	0.995000004768372	0.899999976158142
2.39118838310242	0.983308017253876	0.907103836536407	1.83241617679596	1	1
3.31950736045837	0.937434673309326	0.852459013462067	3.22832798957825	0.942499995231628	0.899999976158142
2.2656135559082	0.990795493125916	0.918032765388489	2.725341796875	0.990000009536743	0.899999976158142
2.32542157173157	0.989033758640289	0.918032765388489	3.01595878601074	0.980000078678131	0.899999976158142
2.85765290260315	0.957515835762024	0.852459013462067	1.95923233032227	0.995000004768372	0.899999976158142
2.27892875671387	0.989347219467163	0.901639342308044	2.39050960540771	0.995000004768372	0.899999976158142
2.23614478111267	0.991780877113342	0.912568330764771	3.55632328987122	0.894999921321869	0.899999976158142
2.51089024543762	0.971998333930969	0.901639342308044	1.76136302947998	1	1
2.28016233444214	0.988779902458191	0.918032765388489	2.31057286262512	0.985000014305115	0.899999976158142
3.78371405601501	0.911246955394745	0.825136601924896	1.74806368350983	1	1
2.14694619178772	0.99446827173233	0.945355176925659	1.66663813591003	1	1
2.16566181182861	0.992900669574738	0.956284165382385	2.2073860168457	0.990000009536743	0.899999976158142
2.48608016967773	0.972072899341583	0.912568330764771	2.79072070121765	0.969999969005585	0.899999976158142
2.96334052085876	0.943182826042175	0.803278684616089	1.9063766002655	0.995000004768372	0.899999976158142
2.12753295898438	0.99405038356781	0.934426248073578	2.06123828887939	0.995000004768372	0.899999976158142
2.38955330848694	0.977947950363159	0.896174848079681	1.60171794891357	1	1
3.28636527061462	0.929708302021027	0.797814190387726	1.61477637290955	1	1
2.80281186103821	0.956358790397644	0.912568330764771	2.38122749328613	0.995000004768372	0.899999976158142
2.22974610328674	0.98665976524353	0.923497259616852	1.59051465988159	1	1
2.46843934059143	0.972154974937439	0.868852436542511	2.42799115180969	0.995000004768372	0.899999976158142
2.08393740653992	0.995356678962708	0.934426248073578	1.78443622589111	0.995000004768372	0.899999976158142
3.01931381225586	0.947609603404999	0.814207673072815	3.59858274459839	0.909999966621399	0.899999976158142
2.25826573371887	0.984569609165192	0.912568330764771	2.17720794677734	0.995000004768372	0.899999976158142
2.14433097839355	0.99281108379364	0.912568330764771	2.82508063316345	0.970000028610229	0.899999976158142
2.50337100028992	0.972774624824524	0.907103836536407	2.22110724449158	0.995000004768372	0.899999976158142
2.17492032051086	0.987137615680695	0.945355176925659	1.6131397485733	1	1
2.77262234687805	0.958493828773499	0.863388001918793	5.39677238464355	0.842500030994415	0.699999988079071
3.04403495788574	0.942809581756592	0.841530025005341	2.50931000709534	0.995000004768372	0.899999976158142
2.03288698196411	0.995147585868835	0.928961753845215	2.14807415008545	0.995000004768372	0.899999976158142
2.60851621627808	0.968758404254913	0.863388001918793	2.04146814346313	0.995000004768372	0.899999976158142
2.13142395019531	0.988735139369965	0.939890682697296	4.16173458099365	0.879999995231628	0.800000011920929
3.18680334091187	0.933231830596924	0.836065590381622	1.80117988586426	0.995000004768372	0.899999976158142
2.14310121536255	0.989548802375793	0.923497259616852	1.53200531005859	1	1
2.47155547142029	0.974424481391907	0.863388001918793	1.52272629737854	1	1
2.14618468284607	0.988839626312256	0.934426248073578	1.72451055049896	1	1
2.51357412338257	0.965175151824951	0.912568330764771	1.60666489601135	1	1
1.97332108020782	0.99668550491333	0.967213094234467	1.69828641414642	0.995000004768372	0.899999976158142
1.97680234909058	0.995461225509644	0.956284165382385	1.50685596466064	1	1
3.15300679206848	0.924676716327667	0.754098355770111	2.91336369514465	0.965000033378601	0.899999976158142
2.28206062316895	0.979426145553589	0.874316930770874	1.49405920505524	1	1
2.15759778022766	0.985734224319458	0.923497259616852	1.72979235649109	0.995000004768372	0.899999976158142
2.50899863243103	0.965615630149841	0.846994519233704	1.49602043628693	1	1
3.14589905738831	0.933411002159119	0.814207673072815	2.17031812667847	0.994999945163727	0.899999976158142
2.29886054992676	0.977567315101624	0.896174848079681	2.0521411895752	0.995000004768372	0.899999976158142
2.01790642738342	0.992527425289154	0.939890682697296	2.48280310630798	0.990000009536743	0.899999976158142
2.35180497169495	0.97491717338562	0.879781424999237	1.47669005393982	1	1
2.18931078910828	0.981844782829285	0.907103836536407	1.72755396366119	0.995000004768372	0.899999976158142
1.93249011039734	0.996170401573181	0.950819671154022	1.54392242431641	1	1
2.33886075019836	0.975066423416138	0.874316930770874	3.36200070381165	0.89000004529953	0.899999976158142
3.11317014694214	0.940793991088867	0.836065590381622	2.21312761306763	0.995000064373016	0.899999976158142
2.42029714584351	0.969990134239197	0.868852436542511	1.46448111534119	1	1
2.20113110542297	0.981374502182007	0.8852459192276	1.45736932754517	1	1
1.93376481533051	0.996252477169037	0.934426248073578	1.46220278739929	1	1
2.06681060791016	0.991258263587952	0.934426248073578	1.46410894393921	1	1
1.96706664562225	0.994057774543762	0.945355176925659	1.43490266799927	1	1
2.53648996353149	0.957650244235992	0.852459013462067	1.98447382450104	0.995000004768372	0.899999976158142
2.59585285186768	0.955888450145721	0.841530025005341	2.23916149139404	0.995000004768372	0.899999976158142
2.05598068237305	0.989787757396698	0.918032765388489	1.95262849330902	0.995000004768372	0.899999976158142
2.04366540908813	0.98971301317215	0.912568330764771	2.18496751785278	0.995000004768372	0.899999976158142
3.80057168006897	0.914479374885559	0.836065590381622	1.47685921192169	1	1
2.21318078041077	0.979194641113281	0.8852459192276	2.78756237030029	0.990000009536743	0.899999976158142
2.04657411575317	0.987689971923828	0.918032765388489	3.04556012153625	0.932499945163727	0.899999976158142
2.10191178321838	0.984591901302338	0.912568330764771	2.40598297119141	0.995000004768372	0.899999976158142
1.87712526321411	0.995647788047791	0.950819671154022	4.23569536209106	0.882499933242798	0.899999976158142
2.16424298286438	0.977888226509094	0.901639342308044	1.82429432868958	0.995000004768372	0.899999976158142
2.11036062240601	0.982225477695465	0.907103836536407	2.21735596656799	0.995000064373016	0.899999976158142
2.17608737945557	0.977052211761475	0.907103836536407	1.95293581485748	0.995000004768372	0.899999976158142
2.92495846748352	0.94919228553772	0.825136601924896	1.78084874153137	0.989999949932098	0.899999976158142
2.0016565322876	0.989638388156891	0.928961753845215	1.8975818157196	0.992500007152557	0.899999976158142
1.91776669025421	0.993460536003113	0.934426248073578	1.381995677948	1	1
2.95410132408142	0.953708589076996	0.890710353851318	1.59505248069763	0.995000004768372	0.899999976158142
1.89838492870331	0.99263197183609	0.934426248073578	1.45045185089111	1	1
1.95985269546509	0.988608241081238	0.934426248073578	2.14735245704651	0.995000004768372	0.899999976158142
2.20723509788513	0.980023205280304	0.907103836536407	1.52980411052704	1	1
1.83120763301849	0.995558202266693	0.950819671154022	1.38532471656799	1	1
1.95774233341217	0.987354099750519	0.923497259616852	1.34965658187866	1	1
2.74593806266785	0.940353512763977	0.825136601924896	1.50290739536285	1	1
2.19534397125244	0.977761387825012	0.901639342308044	1.38944828510284	1	1
1.96952259540558	0.987689971923828	0.912568330764771	1.4014413356781	1	1
2.46075034141541	0.961181223392487	0.852459013462067	3.15898656845093	0.912499964237213	0.899999976158142
2.90389060974121	0.930171132087708	0.846994519233704	1.41684341430664	1	1
1.879021525383	0.991728663444519	0.934426248073578	3.05520558357239	0.894999921321869	0.899999976158142
2.09670567512512	0.979582846164703	0.896174848079681	1.52521681785583	1	1
1.85573351383209	0.993244051933289	0.950819671154022	1.76525712013245	0.995000004768372	0.899999976158142
1.83804059028625	0.994356393814087	0.945355176925659	1.5839968919754	0.995000004768372	0.899999976158142
1.77363896369934	0.997140884399414	0.961748659610748	1.47938287258148	1	1
2.00307369232178	0.986391067504883	0.912568330764771	1.64230346679688	0.995000064373016	0.899999976158142
2.73714137077332	0.943735182285309	0.841530025005341	4.32554864883423	0.879999935626984	0.899999976158142
2.79235005378723	0.943712890148163	0.863388001918793	2.6456880569458	0.970000028610229	0.899999976158142
1.94457101821899	0.987361550331116	0.934426248073578	1.75835800170898	0.995000004768372	0.899999976158142
1.80262768268585	0.995013356208801	0.945355176925659	1.46594166755676	1	1
2.00599718093872	0.98550271987915	0.901639342308044	1.70850241184235	0.995000004768372	0.899999976158142
1.94150447845459	0.987421274185181	0.923497259616852	5.12115621566772	0.835000038146973	0.699999988079071
3.57389783859253	0.923340559005737	0.825136601924896	1.97821354866028	0.990000009536743	0.899999976158142
1.93922412395477	0.988652944564819	0.918032765388489	2.24288368225098	0.995000004768372	0.899999976158142
1.81738996505737	0.994565367698669	0.939890682697296	2.29919004440308	0.985000014305115	0.899999976158142
2.65423536300659	0.949125051498413	0.830601096153259	2.85810804367065	0.929999947547913	0.899999976158142
2.01667332649231	0.983203411102295	0.896174848079681	1.71571159362793	0.995000004768372	0.899999976158142
2.14783835411072	0.972431242465973	0.868852436542511	1.29808044433594	1	1
2.04741621017456	0.983509600162506	0.907103836536407	1.44953608512878	1	1
2.11073327064514	0.976290702819824	0.907103836536407	1.35249948501587	1	1
1.7651492357254	0.99612557888031	0.961748659610748	1.35823583602905	1	1
1.82005369663239	0.992109417915344	0.928961753845215	1.79077649116516	0.995000004768372	0.899999976158142
3.47192025184631	0.915927708148956	0.765027344226837	1.38048124313354	1	1
1.80566656589508	0.994557917118073	0.945355176925659	1.30865252017975	1	1
1.91398942470551	0.986794173717499	0.901639342308044	1.39164090156555	1	1
3.31282448768616	0.922564089298248	0.868852436542511	3.32261610031128	0.894999921321869	0.899999976158142
1.87985825538635	0.989638388156891	0.923497259616852	1.54251837730408	0.995000004768372	0.899999976158142
1.77001667022705	0.993945837020874	0.934426248073578	2.08098006248474	0.995000004768372	0.899999976158142
1.78743588924408	0.993318676948547	0.918032765388489	1.36226034164429	1	1
1.81219637393951	0.99015349149704	0.928961753845215	1.26799869537354	1	1
1.79547047615051	0.99245274066925	0.918032765388489	3.14064455032349	0.889999985694885	0.899999976158142
3.10282349586487	0.918853938579559	0.748633861541748	1.7668708562851	0.995000004768372	0.899999976158142
1.83392262458801	0.989033699035645	0.934426248073578	1.29113960266113	1	1
1.88921582698822	0.985405683517456	0.923497259616852	1.47810220718384	0.995000004768372	0.899999976158142
1.8282470703125	0.990160942077637	0.934426248073578	1.65392136573792	0.995000004768372	0.899999976158142
1.95253479480743	0.985099673271179	0.912568330764771	3.14448761940002	0.894999980926514	0.899999976158142
2.50789260864258	0.952962100505829	0.863388001918793	1.44960057735443	1	1
1.73100566864014	0.99420702457428	0.939890682697296	1.23100280761719	1	1
2.77535963058472	0.931947767734528	0.781420767307281	1.23363566398621	1	1
1.80867445468903	0.993833780288696	0.945355176925659	1.26831388473511	1	1
1.99118876457214	0.98518180847168	0.901639342308044	1.36713457107544	1	1
1.70391547679901	0.994759440422058	0.961748659610748	2.31812214851379	0.990000009536743	0.899999976158142
1.8789199590683	0.986831486225128	0.907103836536407	1.21405637264252	1	1
2.39995169639587	0.958030998706818	0.841530025005341	1.30391871929169	1	1
1.7842036485672	0.991064310073853	0.934426248073578	2.74493288993835	0.954999923706055	0.899999976158142
2.51281118392944	0.952357470989227	0.830601096153259	1.75399971008301	0.995000004768372	0.899999976158142
2.8592095375061	0.946945250034332	0.852459013462067	1.58446550369263	0.995000004768372	0.899999976158142
1.76891100406647	0.990407288074493	0.939890682697296	1.35748338699341	1	1
1.70129573345184	0.995379090309143	0.934426248073578	1.31790900230408	1	1
1.64562034606934	0.996103167533875	0.956284165382385	1.2179012298584	1	1
2.32046103477478	0.968474745750427	0.879781424999237	2.22197508811951	0.985000014305115	0.899999976158142
2.10286498069763	0.972886621952057	0.923497259616852	1.20411038398743	1	1
1.70677709579468	0.99488627910614	0.934426248073578	1.19500935077667	1	1
2.48526406288147	0.954537332057953	0.852459013462067	1.43419933319092	1	1
2.72276163101196	0.934008181095123	0.781420767307281	2.98714470863342	0.894999921321869	0.899999976158142
2.99389004707336	0.93319445848465	0.830601096153259	2.2904839515686	0.995000064373016	0.899999976158142
2.27230048179626	0.956097543239594	0.901639342308044	2.24068236351013	0.995000064373016	0.899999976158142
1.82122337818146	0.986376166343689	0.918032765388489	1.69425928592682	0.995000004768372	0.899999976158142
1.79836082458496	0.990243077278137	0.934426248073578	1.46275591850281	0.995000004768372	0.899999976158142
1.73544991016388	0.993997991085052	0.939890682697296	2.25494718551636	0.995000004768372	0.899999976158142
2.12064695358276	0.972147583961487	0.852459013462067	1.50496220588684	0.995000004768372	0.899999976158142
1.64929902553558	0.996633291244507	0.956284165382385	1.18629240989685	1	1
2.54963660240173	0.950147807598114	0.85792350769043	1.48121118545532	0.995000004768372	0.899999976158142
1.61065137386322	0.996782541275024	0.961748659610748	1.63063359260559	0.995000004768372	0.899999976158142
1.72830498218536	0.992034614086151	0.918032765388489	1.18616056442261	1	1
2.94636654853821	0.94188392162323	0.863388001918793	2.15491819381714	0.985000014305115	0.899999976158142
2.88230085372925	0.931253552436829	0.819672107696533	2.11685061454773	0.995000004768372	0.899999976158142
1.79292035102844	0.989601135253906	0.907103836536407	1.57784867286682	0.995000004768372	0.899999976158142
1.77811872959137	0.9878990650177	0.901639342308044	1.29875123500824	1	1
1.62416136264801	0.995946526527405	0.939890682697296	1.62093353271484	0.995000004768372	0.899999976158142
